"","confirm","recover","death","confirm_daily","recover_daily","death_daily","confirm_RP","recover_RP","death_RP","Exists","ConfDR","DeathR","HealR","RiskD","RiskT"
"X1.22.20",0,0,0,0,0,0,0,0,0,0,0,0,0,0,0
"X1.23.20",0,0,0,0,0,0,0,0,0,0,0,0,0,0,0
"X1.24.20",0,0,0,0,0,0,0,0,0,0,0,0,0,0,0
"X1.25.20",0,0,0,0,0,0,0,0,0,0,0,0,0,0,0
"X1.26.20",0,0,0,0,0,0,0,0,0,0,0,0,0,0,0
"X1.27.20",0,0,0,0,0,0,0,0,0,0,0,0,0,0,0
"X1.28.20",0,0,0,0,0,0,0,0,0,0,0,0,0,0,0
"X1.29.20",0,0,0,0,0,0,0,0,0,0,0,0,0,0,0
"X1.30.20",0,0,0,0,0,0,0,0,0,0,0,0,0,0,0
"X1.31.20",0,0,0,0,0,0,0,0,0,0,0,0,0,0,0
"X2.1.20",0,0,0,0,0,0,0,0,0,0,0,0,0,0,0
"X2.2.20",0,0,0,0,0,0,0,0,0,0,0,0,0,0,0
"X2.3.20",0,0,0,0,0,0,0,0,0,0,0,0,0,0,0
"X2.4.20",0,0,0,0,0,0,0,0,0,0,0,0,0,0,0
"X2.5.20",0,0,0,0,0,0,0,0,0,0,0,0,0,0,0
"X2.6.20",0,0,0,0,0,0,0,0,0,0,0,0,0,0,0
"X2.7.20",0,0,0,0,0,0,0,0,0,0,0,0,0,0,0
"X2.8.20",0,0,0,0,0,0,0,0,0,0,0,0,0,0,0
"X2.9.20",0,0,0,0,0,0,0,0,0,0,0,0,0,0,0
"X2.10.20",0,0,0,0,0,0,0,0,0,0,0,0,0,0,0
"X2.11.20",0,0,0,0,0,0,0,0,0,0,0,0,0,0,0
"X2.12.20",0,0,0,0,0,0,0,0,0,0,0,0,0,0,0
"X2.13.20",0,0,0,0,0,0,0,0,0,0,0,0,0,0,0
"X2.14.20",1,0,0,1,0,0,5.09766660224576e-05,0,0,1,0,0,0,0,0
"X2.15.20",1,0,0,0,0,0,5.09766660224576e-05,0,0,1,0,0,0,0,0
"X2.16.20",1,0,0,0,0,0,5.09766660224576e-05,0,0,1,0,0,0,0,0
"X2.17.20",1,0,0,0,0,0,5.09766660224576e-05,0,0,1,0,0,0,0,0
"X2.18.20",1,0,0,0,0,0,5.09766660224576e-05,0,0,1,0,0,0,0,0
"X2.19.20",1,0,0,0,0,0,5.09766660224576e-05,0,0,1,0,0,0,0,0
"X2.20.20",1,0,0,0,0,0,5.09766660224576e-05,0,0,1,0,0,0,0,0
"X2.21.20",1,0,0,0,0,0,5.09766660224576e-05,0,0,1,0,0,0,0,0
"X2.22.20",1,0,0,0,0,0,5.09766660224576e-05,0,0,1,0,0,0,0,0
"X2.23.20",1,0,0,0,0,0,5.09766660224576e-05,0,0,1,0,0,0,0,0
"X2.24.20",1,0,0,0,0,0,5.09766660224576e-05,0,0,1,0,0,0,0,0
"X2.25.20",2,0,0,1,0,0,0.000101953332044915,0,0,2,0,0,0,0,0
"X2.26.20",2,0,0,0,0,0,0.000101953332044915,0,0,2,0,0,0,0,0
"X2.27.20",2,0,0,0,0,0,0.000101953332044915,0,0,2,0,0,0,0,0
"X2.28.20",2,1,0,0,1,0,0.000101953332044915,5.09766660224576e-05,0,1,0,0,0.5,1,1
"X2.29.20",2,1,0,0,0,0,0.000101953332044915,5.09766660224576e-05,0,1,0,0,0.5,0,1
"X3.1.20",3,1,0,1,0,0,0.000152929998067373,5.09766660224576e-05,0,2,0,0,0.333333333333333,0,1
"X3.2.20",6,1,0,3,0,0,0.000305859996134745,5.09766660224576e-05,0,5,3,0,0.166666666666667,0,1
"X3.3.20",8,1,0,2,0,0,0.00040781332817966,5.09766660224576e-05,0,7,0.666666666666667,0,0.125,0,1
"X3.4.20",16,1,0,8,0,0,0.000815626656359321,5.09766660224576e-05,0,15,4,0,0.0625,0,1
"X3.5.20",22,1,0,6,0,0,0.00112148665249407,5.09766660224576e-05,0,21,0.75,0,0.0454545454545455,0,1
"X3.6.20",42,1,0,20,0,0,0.00214101997294322,5.09766660224576e-05,0,41,3.33333333333333,0,0.0238095238095238,0,1
"X3.7.20",51,1,0,9,0,0,0.00259980996714533,5.09766660224576e-05,0,50,0.45,0,0.0196078431372549,0,1
"X3.8.20",88,1,1,37,0,1,0.00448594660997626,5.09766660224576e-05,5.09766660224576e-05,86,4.11111111111111,0.0113636363636364,0.0113636363636364,0,1
"X3.9.20",98,1,1,10,0,0,0.00499571327020084,5.09766660224576e-05,5.09766660224576e-05,96,0.27027027027027,0.0102040816326531,0.0102040816326531,0,1
"X3.10.20",113,1,2,15,0,1,0.0057603632605377,5.09766660224576e-05,0.000101953332044915,110,1.5,0.0176991150442478,0.00884955752212389,0,0.5
"X3.11.20",122,27,2,9,26,0,0.00621915325473982,0.00137636998260635,0.000101953332044915,93,0.6,0.0163934426229508,0.221311475409836,26,13.5
"X3.12.20",134,35,3,12,8,1,0.00683087324700931,0.00178418331078601,0.000152929998067373,96,1.33333333333333,0.0223880597014925,0.261194029850746,8,11.6666666666667
"X3.13.20",160,36,5,26,1,2,0.00815626656359321,0.00183515997680847,0.000254883330112288,119,2.16666666666667,0.03125,0.225,0.5,7.2
"X3.14.20",217,40,6,57,4,1,0.0110619365268733,0.0020390666408983,0.000305859996134745,171,2.19230769230769,0.0276497695852535,0.184331797235023,4,6.66666666666667
"X3.15.20",243,34,7,26,-6,1,0.0123873298434572,0.00173320664476356,0.000356836662157203,202,0.456140350877193,0.0288065843621399,0.139917695473251,-6,4.85714285714286
"X3.16.20",292,40,7,49,6,0,0.0148851864785576,0.0020390666408983,0.000356836662157203,245,1.88461538461538,0.023972602739726,0.136986301369863,6,5.71428571428571
"X3.17.20",358,45,10,66,5,3,0.0182496464360398,0.00229394997101059,0.000509766660224575,303,1.3469387755102,0.0279329608938547,0.125698324022346,1.66666666666667,4.5
"X3.18.20",390,45,15,32,0,5,0.0198808997487584,0.00229394997101059,0.000764649990336863,330,0.484848484848485,0.0384615384615385,0.115384615384615,0,3
"X3.19.20",491,65,18,101,20,3,0.0250295430170267,0.00331348329145974,0.000917579988404236,408,3.15625,0.0366598778004073,0.132382892057026,6.66666666666667,3.61111111111111
"X3.20.20",555,89,23,64,24,5,0.0282920496424639,0.00453692327599872,0.00117246331851652,443,0.633663366336634,0.0414414414414414,0.16036036036036,4.8,3.8695652173913
"X3.21.20",639,93,29,84,4,6,0.0325740895883504,0.00474082994008855,0.00147832331465127,517,1.3125,0.0453834115805947,0.145539906103286,0.666666666666667,3.20689655172414
"X3.22.20",772,142,38,133,49,9,0.0393539861693372,0.00723868657518897,0.00193711330885339,592,1.58333333333333,0.0492227979274611,0.183937823834197,5.44444444444444,3.73684210526316
"X3.23.20",889,142,43,117,0,5,0.0453182560939648,0.00723868657518897,0.00219199663896567,704,0.879699248120301,0.0483689538807649,0.159730033745782,0,3.30232558139535
"X3.24.20",1012,128,48,123,-14,5,0.051588386014727,0.00652501325087457,0.00244687996907796,836,1.05128205128205,0.0474308300395257,0.126482213438735,-2.8,2.66666666666667
"X3.25.20",1218,186,53,206,58,5,0.0620895792153533,0.0094816598801771,0.00270176329919025,979,1.67479674796748,0.0435139573070608,0.152709359605911,11.6,3.50943396226415
"X3.26.20",1422,158,67,204,-28,14,0.0724888190839346,0.00805431323154829,0.00341543662350466,1197,0.990291262135922,0.0471167369901547,0.111111111111111,-2,2.35820895522388
"X3.27.20",1612,175,86,190,17,19,0.0821743856282016,0.00892091655393007,0.00438399327793135,1351,0.931372549019608,0.0533498759305211,0.108560794044665,0.894736842105263,2.03488372093023
"X3.28.20",1816,183,99,204,8,13,0.0925736254967829,0.00932872988210973,0.0050466899362233,1534,1.07368421052632,0.0545154185022026,0.100770925110132,0.615384615384615,1.84848484848485
"X3.29.20",2033,198,106,217,15,7,0.103635562023656,0.0100933798724466,0.0054035265983805,1729,1.06372549019608,0.0521396950319725,0.0973930152484014,2.14285714285714,1.86792452830189
"X3.30.20",2237,225,119,204,27,13,0.114034801892238,0.0114697498550529,0.00606622325667245,1893,0.940092165898618,0.0531962449709432,0.100581135449262,2.07692307692308,1.89075630252101
"X3.31.20",2572,251,138,335,26,19,0.131111985009761,0.0127951431716368,0.00703477991109914,2183,1.6421568627451,0.0536547433903577,0.0975894245723173,1.36842105263158,1.81884057971015
"X4.1.20",2853,294,163,281,43,25,0.145436428162071,0.0149871398106025,0.00830919656166058,2396,0.838805970149254,0.0571328426218016,0.103049421661409,1.72,1.80368098159509
"X4.2.20",3192,318,205,339,24,42,0.162717517943684,0.0162105797951415,0.0104502165346038,2669,1.20640569395018,0.0642230576441103,0.0996240601503759,0.571428571428571,1.55121951219512
"X4.3.20",3653,363,240,461,45,35,0.186217760980037,0.0185045297661521,0.0122343998453898,3050,1.3598820058997,0.0656994251300301,0.0993703805091705,1.28571428571429,1.5125
"X4.4.20",4034,425,281,381,62,41,0.205639870734594,0.0216650830595445,0.0143244431523106,3328,0.82646420824295,0.0696579077838374,0.105354486861676,1.51219512195122,1.51245551601423
"X4.5.20",4349,445,325,315,20,44,0.221697520531668,0.0226846163799936,0.0165674164572987,3579,0.826771653543307,0.0747298229478041,0.102322372959301,0.454545454545455,1.36923076923077
"X4.6.20",4740,462,363,391,17,38,0.241629396946449,0.0235512197023754,0.0185045297661521,3915,1.24126984126984,0.0765822784810127,0.0974683544303798,0.447368421052632,1.27272727272727
"X4.7.20",5012,552,403,272,90,40,0.255495050104557,0.0281391196443966,0.0205435964070504,4057,0.695652173913043,0.0804070231444533,0.110135674381484,2.25,1.3697270471464
"X4.8.20",5325,718,428,313,166,25,0.271450746569586,0.0366012462041245,0.0218180130576118,4179,1.15073529411765,0.0803755868544601,0.134835680751174,6.64,1.67757009345794
"X4.9.20",5676,883,478,351,165,50,0.289343556343469,0.04501239609783,0.0243668463587347,4315,1.12140575079872,0.0842142353770261,0.155567300916138,3.3,1.84728033472803
"X4.10.20",5972,991,527,296,108,49,0.304432649486116,0.0505178760282554,0.0268647029938351,4454,0.843304843304843,0.0882451440053583,0.165941058271936,2.20408163265306,1.88045540796964
"X4.11.20",6293,1142,564,321,151,37,0.320796159279325,0.0582153525976465,0.0287508396366661,4587,1.08445945945946,0.0896233910694422,0.181471476243445,4.08108108108108,2.02482269503546
"X4.12.20",6669,1469,605,376,327,41,0.339963385703769,0.0748847223869901,0.0308408829435868,4595,1.17133956386293,0.0907182486129855,0.220272904483431,7.97560975609756,2.42809917355372
"X4.13.20",7003,1505,641,334,36,36,0.35698959215527,0.0767198823637986,0.0326760429203953,4857,0.888297872340426,0.0915322004855062,0.214907896615736,1,2.34789391575663
"X4.14.20",7405,1613,668,402,108,27,0.377482211896298,0.082225362294224,0.0340524129030016,5124,1.20359281437126,0.0902093180283592,0.217825793382849,4,2.41467065868263
"X4.15.20",7898,1643,685,493,30,17,0.40261370824537,0.0837546622748978,0.0349190162253834,5570,1.22636815920398,0.0867308179285895,0.208027348695872,1.76470588235294,2.3985401459854
"X4.16.20",8476,1747,715,578,104,30,0.43207822120635,0.0890562355412333,0.0364483162060571,6014,1.17241379310345,0.0843558282208589,0.206111373289287,3.46666666666667,2.44335664335664
"X4.17.20",9148,1898,745,672,151,30,0.466334540773442,0.0967537121106244,0.0379776161867309,6505,1.16262975778547,0.0814385658067337,0.207477044162658,5.03333333333333,2.54765100671141
"X4.18.20",9589,2034,769,441,136,24,0.488815250489345,0.103686538689679,0.0392010561712699,6786,0.65625,0.0801960579831056,0.212118051934508,5.66666666666667,2.64499349804941
"X4.19.20",10002,2237,798,413,203,29,0.50986861355662,0.114034801892238,0.0406793794859211,6967,0.936507936507937,0.0797840431913617,0.223655268946211,7,2.80325814536341
"X4.20.20",10488,2510,820,486,273,22,0.534643273243535,0.127951431716368,0.0418008661384152,7158,1.17675544794189,0.078184591914569,0.23932112890923,12.4090909090909,3.0609756097561
"X4.21.20",10918,2655,845,430,145,25,0.556563239633191,0.135343048289625,0.0430752827889766,7418,0.88477366255144,0.0773951273126946,0.243176405935153,5.8,3.14201183431953
"X4.22.20",11464,2838,871,546,183,26,0.584396499281453,0.144671778171735,0.0444006761055605,7755,1.26976744186047,0.075976971388695,0.247557571528262,7.03846153846154,3.25832376578645
"X4.23.20",11931,3118,894,467,280,23,0.608202602313941,0.158945244658023,0.045573139424077,7919,0.855311355311355,0.0749308524013075,0.26133601542201,12.1739130434783,3.48769574944072
