"","confirm","recover","death","confirm_daily","recover_daily","death_daily","confirm_RP","recover_RP","death_RP","Exists","ConfDR","DeathR","HealR","RiskD","RiskT"
"X1.22.20",1,0,0,0,0,0,2.0397883647771e-05,0,0,1,0,0,0,0,0
"X1.23.20",1,0,0,0,0,0,2.0397883647771e-05,0,0,1,0,0,0,0,0
"X1.24.20",2,0,0,1,0,0,4.0795767295542e-05,0,0,2,0,0,0,0,0
"X1.25.20",2,0,0,0,0,0,4.0795767295542e-05,0,0,2,0,0,0,0,0
"X1.26.20",6,0,0,4,0,0,0.000122387301886626,0,0,6,0,0,0,0,0
"X1.27.20",6,0,0,0,0,0,0.000122387301886626,0,0,6,0,0,0,0,0
"X1.28.20",7,0,0,1,0,0,0.000142785185534397,0,0,7,0,0,0,0,0
"X1.29.20",7,0,0,0,0,0,0.000142785185534397,0,0,7,0,0,0,0,0
"X1.30.20",7,0,0,0,0,0,0.000142785185534397,0,0,7,0,0,0,0,0
"X1.31.20",11,0,0,4,0,0,0.000224376720125481,0,0,11,0,0,0,0,0
"X2.1.20",12,0,0,1,0,0,0.000244774603773252,0,0,12,0.25,0,0,0,0
"X2.2.20",12,0,0,0,0,0,0.000244774603773252,0,0,12,0,0,0,0,0
"X2.3.20",15,0,0,3,0,0,0.000305968254716565,0,0,15,0,0,0,0,0
"X2.4.20",15,0,0,0,0,0,0.000305968254716565,0,0,15,0,0,0,0,0
"X2.5.20",16,0,0,1,0,0,0.000326366138364336,0,0,16,0,0,0,0,0
"X2.6.20",16,0,0,0,0,0,0.000326366138364336,0,0,16,0,0,0,0,0
"X2.7.20",18,0,0,2,0,0,0.000367161905659878,0,0,18,0,0,0,0,0
"X2.8.20",18,0,0,0,0,0,0.000367161905659878,0,0,18,0,0,0,0,0
"X2.9.20",18,3,0,0,3,0,0.000367161905659878,6.1193650943313e-05,0,15,0,0,0.166666666666667,3,3
"X2.10.20",18,3,0,0,0,0,0.000367161905659878,6.1193650943313e-05,0,15,0,0,0.166666666666667,0,3
"X2.11.20",19,3,0,1,0,0,0.000387559789307649,6.1193650943313e-05,0,16,0,0,0.157894736842105,0,3
"X2.12.20",19,4,0,0,1,0,0.000387559789307649,8.1591534591084e-05,0,15,0,0,0.210526315789474,1,4
"X2.13.20",20,4,0,1,0,0,0.00040795767295542,8.1591534591084e-05,0,16,0,0,0.2,0,4
"X2.14.20",20,4,0,0,0,0,0.00040795767295542,8.1591534591084e-05,0,16,0,0,0.2,0,4
"X2.15.20",20,4,0,0,0,0,0.00040795767295542,8.1591534591084e-05,0,16,0,0,0.2,0,4
"X2.16.20",20,4,0,0,0,0,0.00040795767295542,8.1591534591084e-05,0,16,0,0,0.2,0,4
"X2.17.20",21,4,0,1,0,0,0.000428355556603191,8.1591534591084e-05,0,17,0,0,0.19047619047619,0,4
"X2.18.20",21,4,0,0,0,0,0.000428355556603191,8.1591534591084e-05,0,17,0,0,0.19047619047619,0,4
"X2.19.20",21,4,0,0,0,0,0.000428355556603191,8.1591534591084e-05,0,17,0,0,0.19047619047619,0,4
"X2.20.20",21,4,0,0,0,0,0.000428355556603191,8.1591534591084e-05,0,17,0,0,0.19047619047619,0,4
"X2.21.20",24,8,0,3,4,0,0.000489549207546504,0.000163183069182168,0,16,0,0,0.333333333333333,4,8
"X2.22.20",24,8,0,0,0,0,0.000489549207546504,0.000163183069182168,0,16,0,0,0.333333333333333,0,8
"X2.23.20",24,8,0,0,0,0,0.000489549207546504,0.000163183069182168,0,16,0,0,0.333333333333333,0,8
"X2.24.20",61,8,0,37,0,0,0.00124427090251403,0.000163183069182168,0,53,0,0,0.131147540983607,0,8
"X2.25.20",62,9,0,1,1,0,0.0012646687861618,0.000183580952829939,0,53,0.027027027027027,0,0.145161290322581,1,9
"X2.26.20",68,9,0,6,0,0,0.00138705608804843,0.000183580952829939,0,59,6,0,0.132352941176471,0,9
"X2.27.20",71,12,0,3,3,0,0.00144824973899174,0.000244774603773252,0,59,0.5,0,0.169014084507042,3,12
"X2.28.20",75,13,0,4,1,0,0.00152984127358282,0.000265172487421023,0,62,1.33333333333333,0,0.173333333333333,1,13
"X2.29.20",92,13,1,17,0,1,0.00187660529559493,0.000265172487421023,2.0397883647771e-05,78,4.25,0.0108695652173913,0.141304347826087,0,13
"X3.1.20",103,13,1,11,0,0,0.00210098201572041,0.000265172487421023,2.0397883647771e-05,89,0.647058823529412,0.00970873786407767,0.12621359223301,0,13
"X3.2.20",130,13,6,27,0,5,0.00265172487421023,0.000265172487421023,0.000122387301886626,111,2.45454545454545,0.0461538461538462,0.1,0,2.16666666666667
"X3.3.20",153,14,7,23,1,1,0.00312087619810896,0.000285570371068794,0.000142785185534397,132,0.851851851851852,0.0457516339869281,0.0915032679738562,1,2
"X3.4.20",187,14,11,34,0,4,0.00381440424213318,0.000285570371068794,0.000224376720125481,162,1.47826086956522,0.0588235294117647,0.0748663101604278,0,1.27272727272727
"X3.5.20",259,14,12,72,0,1,0.00528305186477269,0.000285570371068794,0.000244774603773252,233,2.11764705882353,0.0463320463320463,0.0540540540540541,0,1.16666666666667
"X3.6.20",317,14,14,58,0,2,0.0064661291163434,0.000285570371068794,0.000285570371068794,289,0.805555555555556,0.0441640378548896,0.0441640378548896,0,1
"X3.7.20",462,16,17,145,2,3,0.0094238222452702,0.000326366138364336,0.000346764022012107,429,2.5,0.0367965367965368,0.0346320346320346,0.666666666666667,0.941176470588235
"X3.8.20",589,16,21,127,0,4,0.0120143534685371,0.000326366138364336,0.000428355556603191,552,0.875862068965517,0.0356536502546689,0.0271646859083192,0,0.761904761904762
"X3.9.20",667,16,23,78,0,2,0.0136053883930633,0.000326366138364336,0.000469151323898733,628,0.614173228346457,0.0344827586206897,0.0239880059970015,0,0.695652173913043
"X3.10.20",1045,20,29,378,4,6,0.0213157884119207,0.00040795767295542,0.000591538625785359,996,4.84615384615385,0.0277511961722488,0.0191387559808612,0.666666666666667,0.689655172413793
"X3.11.20",1397,20,37,352,0,8,0.0284958434559361,0.00040795767295542,0.000754721694967527,1340,0.931216931216931,0.0264853256979241,0.0143163922691482,0,0.540540540540541
"X3.12.20",1792,24,41,395,4,4,0.0365530074968056,0.000489549207546504,0.000836313229558611,1727,1.12215909090909,0.0228794642857143,0.0133928571428571,1,0.585365853658537
"X3.13.20",2384,24,48,592,0,7,0.048628554616286,0.000489549207546504,0.000979098415093008,2312,1.49873417721519,0.0201342281879195,0.0100671140939597,0,0.5
"X3.14.20",2951,24,55,567,0,7,0.0601941546445722,0.000489549207546504,0.0011218836006274,2872,0.95777027027027,0.018637749915283,0.00813283632666893,0,0.436363636363636
"X3.15.20",3792,24,64,841,0,9,0.0773487747923476,0.000489549207546504,0.00130546455345734,3704,1.48324514991182,0.0168776371308017,0.00632911392405063,0,0.375
"X3.16.20",5100,30,89,1308,6,25,0.104029206603632,0.00061193650943313,0.00181541164465162,4981,1.55529131985731,0.0174509803921569,0.00588235294117647,0.24,0.337078651685393
"X3.17.20",6981,30,113,1881,0,24,0.142397625745089,0.00061193650943313,0.00230496085219812,6838,1.43807339449541,0.0161867927231056,0.00429737859905458,0,0.265486725663717
"X3.18.20",8533,118,126,1552,88,13,0.17405514116643,0.00240695027043698,0.00257013333961914,8289,0.825093035619351,0.014766201804758,0.0138286651822337,6.76923076923077,0.936507936507937
"X3.19.20",14665,134,210,6132,16,84,0.299134963694562,0.00273331640880131,0.00428355556603191,14321,3.95103092783505,0.0143198090692124,0.00913740197749744,0.19047619047619,0.638095238095238
"X3.20.20",20380,160,257,5715,26,47,0.415708868741573,0.00326366138364336,0.00524225609747715,19963,0.931996086105675,0.0126104023552502,0.00785083415112856,0.553191489361702,0.622568093385214
"X3.21.20",27080,190,328,6700,30,71,0.552374689181638,0.00387559789307649,0.00669050583646889,26562,1.17235345581802,0.0121122599704579,0.00701624815361891,0.422535211267606,0.579268292682927
"X3.22.20",34996,192,440,7916,2,112,0.713844336137394,0.00391639366037203,0.00897506880501924,34364,1.18149253731343,0.0125728654703395,0.00548634129614813,0.0178571428571429,0.436363636363636
"X3.23.20",46247,192,585,11251,0,145,0.943340925058465,0.00391639366037203,0.011932761933946,45470,1.42129863567458,0.012649469154756,0.0041516206456635,0,0.328205128205128
"X3.24.20",56893,462,736,10646,270,151,1.16049679437264,0.0094238222452702,0.0150128423647595,55695,0.946227002044263,0.0129365651310355,0.00812050691649236,1.78807947019868,0.627717391304348
"X3.25.20",69434,548,977,12541,86,241,1.41630665319933,0.0111780402389785,0.0199287323238723,67909,1.17800112718392,0.0140709162658064,0.00789238701500706,0.356846473029046,0.560900716479017
"X3.26.20",88353,869,1253,18919,321,276,1.80221421393151,0.017725760889913,0.0255585482106571,86231,1.50857188421976,0.0141817482145485,0.00983554604823832,1.16304347826087,0.693535514764565
"X3.27.20",106924,1129,1643,18571,260,390,2.18102331115427,0.0230292106383335,0.0335137228332877,104152,0.98160579311803,0.015366054393775,0.0105589016497699,0.666666666666667,0.68715763846622
"X3.28.20",127758,1542,2099,20834,413,456,2.60599281907193,0.0314535365848629,0.0428151577766713,124117,1.12185665823057,0.0164294995225348,0.0120696942657211,0.905701754385965,0.734635540733683
"X3.29.20",148037,3135,2547,20279,1593,448,3.01964150156507,0.0639473652357621,0.0519534096508727,142355,0.973360852452722,0.017205158169917,0.0211771381478955,3.55580357142857,1.23085983510012
"X3.30.20",170222,6145,3078,22185,3010,531,3.47216855029087,0.125344995015553,0.0627846858678391,160999,1.09398885546625,0.0180822690369047,0.0360999165795256,5.66854990583804,1.99642625081222
"X3.31.20",197793,8651,4003,27571,2506,925,4.03455860034357,0.176462091436867,0.0816527282420273,185139,1.24277665089024,0.0202383299712326,0.0437376449115995,2.70918918918919,2.16112915313515
"X4.1.20",224017,9833,4898,26224,1182,895,4.56947270112271,0.200572389908532,0.0999088341067823,209286,0.951144318305466,0.0218644120758692,0.0438939901882446,1.32067039106145,2.0075541037158
"X4.2.20",256284,10771,6105,32267,938,1207,5.22765121278534,0.219705604770141,0.124529079669642,239408,1.23043776693106,0.023821229573442,0.0420275943874764,0.777133388566694,1.76429156429156
"X4.3.20",289314,12515,7319,33030,1744,1214,5.90139330967122,0.255279513851854,0.149292110418036,269480,1.02364644993337,0.025297773353519,0.0432574987729595,1.43657331136738,1.70993305096325
"X4.4.20",323316,17862,8686,34002,5347,1367,6.59496214946273,0.364346997716485,0.177176017364539,296768,1.02942779291553,0.0268653577305175,0.0552462606242809,3.91148500365764,2.05641261800599
"X4.5.20",354448,21093,9957,31132,3231,1271,7.22998906318513,0.430252559782434,0.203101727480856,323398,0.915593200399976,0.0280915677334898,0.059509434388119,2.54209284028324,2.11840915938536
"X4.6.20",385023,23470,11216,30575,2377,1259,7.85365435571573,0.478738329213185,0.228782662993399,350337,0.98210844147501,0.0291307272552549,0.0609573973502882,1.8880063542494,2.09254636233951
"X4.7.20",417432,26187,13294,32409,2717,2078,8.51472936685634,0.534159379084179,0.271169465213468,377951,1.05998364677024,0.0318471032407674,0.0627335709768298,1.30750721847931,1.96983601624793
"X4.8.20",450580,28346,15252,33148,2159,1958,9.19087841401265,0.578198409879717,0.311108521395803,406982,1.02280230800086,0.0338497048248924,0.0629100270762129,1.1026557711951,1.85851035929714
"X4.9.20",486615,31205,17221,36035,2859,1969,9.92591615126008,0.636515959228694,0.351271954298264,438189,1.08709424399662,0.0353893735293815,0.0641266709821933,1.4520060944642,1.81203182161315
"X4.10.20",522035,35278,19346,35420,4073,2125,10.6484091900641,0.719596539326065,0.394617457049778,467411,0.982933259331206,0.0370588178953518,0.0675778443974063,1.91670588235294,1.82352941176471
"X4.11.20",553556,38492,21358,31521,3214,2012,11.2913708805255,0.785155337370001,0.435657998949093,493706,0.889920948616601,0.03858326890143,0.0695358735159586,1.59741550695825,1.80222867309673
"X4.12.20",583830,41883,23016,30274,3391,1658,11.9088964100781,0.854324560819592,0.469477690037097,518931,0.960439072364455,0.0394224346128154,0.0717383484918555,2.04523522316043,1.81973409801877
"X4.13.20",610959,53083,24613,27129,11200,1597,12.4622705955585,1.08278085767463,0.502053110222587,533263,0.896115478628526,0.0402858456950466,0.0868847173050892,7.01314965560426,2.15670580587494
"X4.14.20",639718,57937,27074,28759,4854,2461,13.0488933313848,1.18179218490091,0.552252301879752,554707,1.06008330568764,0.0423217730312419,0.0905664683501168,1.97236895570906,2.13994976730442
"X4.15.20",669957,63187,29750,30239,5250,2676,13.6657049350097,1.28888107405171,0.606837038521187,577020,1.05146215097882,0.0444058350013508,0.0943150082766506,1.96188340807175,2.12393277310924
"X4.16.20",704247,66526,34636,34290,3339,4886,14.3651483652918,1.35698960755161,0.706501098024196,603085,1.13396607030656,0.0491816081573652,0.0944640161761428,0.683381088825215,1.92071832775147
"X4.17.20",738816,71215,38627,34569,4689,3991,15.0702828051116,1.45263528397601,0.78790905166245,628974,1.00813648293963,0.0522823003291753,0.0963907116250866,1.1748935103984,1.84365858078546
"X4.18.20",773427,77929,40609,34611,6714,1982,15.7762739560446,1.58958667478715,0.828337657052332,654889,1.00121496138158,0.0525052784554974,0.100758054735612,3.3874873864783,1.91900810165234
"X4.19.20",801938,84811,42874,28511,6882,2265,16.3578380167262,1.72996491005111,0.874538863514533,674253,0.823755453468551,0.053462985916617,0.105757552329482,3.03841059602649,1.97814526286327
"X4.20.20",830244,87499,44505,28306,2688,1631,16.93522051126,1.78479442129631,0.907807811744048,698240,0.992809792711585,0.0536047234307023,0.10538949995423,1.6480686695279,1.96604875856645
"X4.21.20",860038,91019,47064,29794,3520,2559,17.5429550566617,1.85659497173647,0.960005995998694,721955,1.052568360065,0.0547231633951058,0.10583137024178,1.37553731926534,1.93394101648819
"X4.22.20",891500,94447,49554,31462,3428,2490,18.1847132719878,1.92651891688103,1.01079672628164,747499,1.05598442639458,0.0555849691531127,0.105941671340437,1.37670682730924,1.90594099366348
"X4.23.20",924088,97591,53263,32588,3144,3709,18.8494395043014,1.99064986306962,1.08645247673123,773234,1.03578920602632,0.0576384500177472,0.105607907472016,0.847667834995956,1.83224752642547
