"","confirm","recover","death","confirm_daily","recover_daily","death_daily","confirm_RP","recover_RP","death_RP","Exists","ConfDR","DeathR","HealR","RiskD","RiskT"
"X1.22.20",549,28,17,0,0,0,0.00388646965473801,0.000198217031571338,0.000120346054882598,504,0,0.0309653916211293,0.0510018214936248,0,1.64705882352941
"X1.23.20",644,30,18,95,2,1,0.00455899172614077,0.00021237539096929,0.000127425234581574,596,0,0.0279503105590062,0.046583850931677,2,1.66666666666667
"X1.24.20",923,36,26,279,6,8,0.00653408286215517,0.000254850469163148,0.000184058672173385,861,2.93684210526316,0.028169014084507,0.0390032502708559,0.75,1.38461538461538
"X1.25.20",1409,39,42,486,3,16,0.00997456419585767,0.000276088008260077,0.000297325547357007,1328,1.74193548387097,0.0298083747338538,0.0276792051100071,0.1875,0.928571428571429
"X1.26.20",2079,49,56,670,10,14,0.0147176145941718,0.000346879805249841,0.000396434063142675,1974,1.37860082304527,0.0269360269360269,0.0235690235690236,0.714285714285714,0.875
"X1.27.20",2882,58,82,803,9,26,0.0204021958924498,0.000410592422540628,0.00058049273531606,2742,1.19850746268657,0.0284524635669674,0.0201249132546842,0.346153846153846,0.707317073170732
"X1.28.20",5517,101,131,2635,43,49,0.0390558343992525,0.000714997149596611,0.000927372540565901,5285,3.28144458281445,0.0237447888345115,0.0183070509334783,0.877551020408163,0.770992366412214
"X1.29.20",6095,120,133,578,19,2,0.0431476002652608,0.000849501563877161,0.000941530899963854,5842,0.219354838709677,0.0218211648892535,0.0196882690730107,9.5,0.902255639097744
"X1.30.20",8150,135,171,2055,15,38,0.0576953145466572,0.000955689259361807,0.00121053972852496,7844,3.55536332179931,0.0209815950920245,0.0165644171779141,0.394736842105263,0.789473684210526
"X1.31.20",9812,214,213,1662,79,42,0.0694609112063559,0.00151494445558094,0.00150786527588196,9385,0.808759124087591,0.0217081125152874,0.0218100285364859,1.88095238095238,1.00469483568075
"X2.1.20",11901,275,259,2089,61,46,0.0842493175975175,0.0019467744172185,0.00183350754203487,11367,1.25691937424789,0.0217628770691539,0.0231073019074027,1.32608695652174,1.06177606177606
"X2.2.20",16640,463,361,4739,188,102,0.117797550190966,0.00327766020062605,0.00255558387133046,15816,2.26854954523696,0.0216947115384615,0.0278245192307692,1.84313725490196,1.28254847645429
"X2.3.20",19726,614,425,3086,151,64,0.139643898742007,0.00434661633517148,0.00300865137206495,18687,0.65119223464866,0.0215451688127345,0.0311264321200446,2.359375,1.44470588235294
"X2.4.20",23718,843,491,3992,229,66,0.167903984100321,0.00596774848623706,0.00347587723219739,22384,1.29358392741413,0.0207015768614554,0.0355426258537819,3.46969696969697,1.71690427698574
"X2.5.20",27451,1115,563,3733,272,72,0.1943305619166,0.00789328536435863,0.00398557817052368,25773,0.935120240480962,0.0205092710648064,0.0406178281301228,3.77777777777778,1.98046181172291
"X2.6.20",30603,1478,633,3152,363,70,0.216644136327773,0.010463027595087,0.00448112074945203,28492,0.844361103669971,0.020684246642486,0.048295918700781,5.18571428571429,2.3349131121643
"X2.7.20",34126,2000,718,3523,522,85,0.241584086407267,0.0141583593979527,0.00508285102386502,31408,1.11770304568528,0.0210396764929965,0.0586063412061185,6.14117647058824,2.78551532033426
"X2.8.20",36831,2597,805,2705,597,87,0.260733267492998,0.0183846296782416,0.00569873965767596,33429,0.767811524269089,0.0218565882001575,0.070511254106595,6.86206896551724,3.22608695652174
"X2.9.20",39847,3220,905,3016,623,100,0.28208407346511,0.0227949586307038,0.00640665762757359,35722,1.11497227356747,0.0227118729138957,0.0808090947875624,6.23,3.55801104972376
"X2.10.20",42372,3919,1012,2525,699,107,0.299959002205026,0.0277433052402883,0.00716412985536406,37441,0.837201591511936,0.023883696780893,0.092490323798735,6.53271028037383,3.87252964426877
"X2.11.20",44404,4637,1112,2032,718,100,0.314343895353346,0.0328261562641533,0.0078720478252617,38655,0.804752475247525,0.0250427889379335,0.104427529051437,7.18,4.16996402877698
"X2.12.20",44777,5083,1117,373,446,5,0.316984429381064,0.0359834704098968,0.00790744372375658,38577,0.183562992125984,0.0249458427317596,0.113518100810684,89.2,4.55058191584602
"X2.13.20",59913,6218,1369,15136,1135,252,0.42413489330477,0.0440183393682349,0.00969139700789862,52326,40.5790884718499,0.0228497988750355,0.103783819872148,4.50396825396825,4.54200146092038
"X2.14.20",66376,7979,1521,6463,1761,152,0.469887631699254,0.0564847748181323,0.010767432322143,56876,0.426995243128964,0.0229149090032542,0.12020911172713,11.5855263157895,5.24589086127548
"X2.15.20",68431,9300,1663,2055,1321,142,0.48443534598065,0.06583637120048,0.0117726758393977,57468,0.31796379390376,0.0243018515000511,0.135903318671362,9.30281690140845,5.59230306674684
"X2.16.20",70533,10757,1767,2102,1457,104,0.499315781707899,0.0761507360218886,0.0125089105280912,58009,1.02287104622871,0.0250521032708094,0.152510172543349,14.0096153846154,6.08771929824561
"X2.17.20",72456,12464,1865,1923,1707,98,0.51292904426903,0.0882348957680412,0.0132026701385909,58127,0.914843006660323,0.0257397593021972,0.172021640719885,17.4183673469388,6.68310991957105
"X2.18.20",74233,14208,2004,1777,1744,139,0.525508746594111,0.100580985163056,0.0141866761167486,58021,0.924076963078523,0.0269960799105519,0.19139735697062,12.5467625899281,7.08982035928144
"X2.19.20",74642,15964,2117,409,1756,113,0.528404131090992,0.113012024714458,0.0149866234227329,56561,0.230163196398424,0.0283620481766298,0.213874226306905,15.5398230088496,7.54085970713273
"X2.20.20",75101,18016,2239,459,2052,122,0.531653474572823,0.127538501456758,0.015850283346008,54846,1.12224938875306,0.0298131849109865,0.239890281088135,16.8196721311475,8.04644930772666
"X2.21.20",75576,18706,2239,475,690,0,0.535016084929836,0.132423135449052,0.015850283346008,54631,1.03485838779956,0.0296258071345401,0.247512437810945,690,8.35462259937472
"X2.22.20",77027,22701,2444,1451,3995,205,0.545287974673051,0.160704458346462,0.0173015151842982,51882,3.05473684210526,0.031729133940047,0.294714840250821,19.4878048780488,9.28846153846154
"X2.23.20",77050,23189,2446,23,488,2,0.545450795806127,0.164159098039562,0.0173156735436961,51415,0.0158511371467953,0.0317456197274497,0.300960415314731,244,9.48037612428455
"X2.24.20",77271,25020,2596,221,1831,150,0.547015294519601,0.177121076068388,0.0183775504985426,49655,9.60869565217391,0.0335960450880667,0.323795473075281,12.2066666666667,9.63790446841294
"X2.25.20",77785,27681,2666,514,2661,70,0.550653992884875,0.195958773247364,0.0188730930774709,47438,2.32579185520362,0.0342739602751173,0.355865526772514,38.0142857142857,10.3829707426857
"X2.26.20",78198,30089,2718,413,2408,52,0.553577694100552,0.213005437962499,0.0192412104218177,45391,0.803501945525292,0.0347579221974987,0.384779661883936,46.3076923076923,11.070272259014
"X2.27.20",78632,32935,2747,434,2846,29,0.556650058089908,0.233152783385786,0.019446506633088,42950,1.05084745762712,0.0349348865601791,0.418849832129413,98.1379310344828,11.9894430287586
"X2.28.20",78962,36335,2791,330,3400,44,0.55898618739057,0.257221994362306,0.019757990539843,39836,0.76036866359447,0.0353461158531952,0.460158050707935,77.2727272727273,13.0186313149409
"X2.29.20",79395,39329,2838,433,2994,47,0.562051472200227,0.278417058381041,0.0200907119856949,37228,1.31212121212121,0.0357453240128472,0.49535864978903,63.7021276595745,13.8579985905567
"X3.1.20",79972,42171,2873,577,2842,35,0.566136158886536,0.298536087085531,0.020338483275159,34928,1.33256351039261,0.0359250737758215,0.527322062721953,81.2,14.6783849634528
"X3.2.20",80177,44866,2915,205,2695,42,0.567587390724826,0.317614476374273,0.020635808822516,32396,0.35528596187175,0.0363570600047395,0.559586913952879,64.1666666666667,15.391423670669
"X3.3.20",80303,47462,2948,126,2596,33,0.568479367366898,0.335992026872815,0.0208694217525823,29893,0.614634146341463,0.0367109572494178,0.591036449447717,78.6666666666667,16.0997286295794
"X3.4.20",80428,50013,2984,125,2551,36,0.569364264829269,0.354051014284904,0.0211242722217454,27431,0.992063492063492,0.0371015069378823,0.621835679116726,70.8611111111111,16.7603887399464
"X3.5.20",80581,52304,3016,153,2291,32,0.570447379323213,0.370269414975259,0.0213508059721127,25261,1.224,0.0374281778583041,0.649086012831809,71.59375,17.342175066313
"X3.6.20",80735,53956,3045,154,1652,29,0.571537572996855,0.381964219837968,0.021556102183383,23734,1.00653594771242,0.0377159843933858,0.668309902768316,56.9655172413793,17.7195402298851
"X3.7.20",80815,55551,3073,80,1595,28,0.572103907372773,0.393255511457835,0.0217543192149543,22191,0.519480519480519,0.0380251190991771,0.687384767679267,56.9642857142857,18.0771233322486
"X3.8.20",80868,57401,3101,53,1850,28,0.572479103896819,0.406351993900941,0.0219525362465256,20366,0.6625,0.038346441113914,0.709811050106346,66.0714285714286,18.5104804901645
"X3.9.20",80905,58819,3124,37,1418,23,0.572741033545681,0.41639027071409,0.0221153573796021,18962,0.69811320754717,0.038613188307274,0.727013163586923,61.6521739130435,18.828104993598
"X3.10.20",80935,60198,3140,30,1379,16,0.572953408936651,0.426152459518978,0.0222286242547857,17597,0.810810810810811,0.0387965651448693,0.743782047321925,86.1875,19.1713375796178
"X3.11.20",80970,61661,3162,35,1463,22,0.573201180226115,0.43650929941858,0.0223843662081632,16147,1.16666666666667,0.0390515005557614,0.761528961343708,66.5,19.5006325110689
"X3.12.20",80982,62921,3173,12,1260,11,0.573286130382502,0.445429065839291,0.0224622371848519,14888,0.342857142857143,0.0391815465165098,0.776975130275864,114.545454545455,19.8301292152537
"X3.13.20",80996,64216,3181,14,1295,8,0.573385238898288,0.454596603549465,0.0225188706224438,13599,1.16666666666667,0.0392735443725616,0.792829275519779,161.875,20.1873624646338
"X3.14.20",81031,65680,3194,35,1464,13,0.573633010187752,0.464960522628766,0.0226108999585304,12157,2.5,0.0394170132418457,0.810553985511718,112.615384615385,20.5635566687539
"X3.15.20",81063,67037,3204,32,1357,10,0.57385954393812,0.474566969480277,0.0226816917555202,10822,0.914285714285714,0.0395248140335295,0.826974081886927,135.7,20.9229088639201
"X3.16.20",81101,67930,3218,38,893,14,0.574128552766681,0.480888676951463,0.0227808002713059,9953,1.1875,0.0396789188789287,0.837597563531892,63.7857142857143,21.1093847110006
"X3.17.20",81140,68820,3231,39,890,13,0.574404640774941,0.487189146883552,0.0228728296073926,9089,1.02631578947368,0.0398200640867636,0.848163667734779,68.4615384615385,21.2999071494893
"X3.18.20",81208,69777,3242,68,957,11,0.574886024994471,0.493963921855472,0.0229507005840813,8189,1.74358974358974,0.0399221751551571,0.859238006107773,87,21.5228254164096
"X3.19.20",81270,70561,3250,62,784,8,0.575324934135808,0.49951399873947,0.0230073340216731,7459,0.911764705882353,0.039990156269226,0.868229358927033,98,21.7110769230769
"X3.20.20",81391,71292,3255,121,731,5,0.576181514879384,0.504688879099422,0.023042729920168,6844,1.95161290322581,0.0399921367227335,0.87591994200833,146.2,21.9023041474654
"X3.21.20",81468,71885,3261,77,593,6,0.576726611716205,0.508886832660915,0.0230852049983619,6322,0.636363636363636,0.040027986448667,0.882370992291452,98.8333333333333,22.0438515792702
"X3.22.20",81614,72390,3276,146,505,15,0.577760171952255,0.512461818408898,0.0231913926938465,5948,1.8961038961039,0.0401401720293087,0.886980174969981,33.6666666666667,22.0970695970696
"X3.23.20",81703,72842,3276,89,452,0,0.578390218945464,0.515661607632835,0.0231913926938465,5585,0.60958904109589,0.0400964468868952,0.891546210053486,452,22.2350427350427
"X3.24.20",81816,73309,3283,113,467,7,0.579190166251449,0.518967584552257,0.0232409469517393,5224,1.26966292134831,0.0401266255989049,0.896022782829764,66.7142857142857,22.3298812062138
"X3.25.20",81906,73802,3287,90,493,4,0.579827292424357,0.522457620143852,0.0232692636705353,4817,0.79646017699115,0.0401313701071961,0.901057309598808,123.25,22.4526924247034
"X3.26.20",82045,74210,3293,139,408,6,0.580811298402514,0.525345925461035,0.0233117387487291,4542,1.54444444444444,0.0401365104515814,0.90450362605887,68,22.5356817491649
"X3.27.20",82175,74749,3298,130,539,5,0.581731591763381,0.529161603318783,0.023347134647224,4128,0.935251798561151,0.0401338606632187,0.909631883176149,107.8,22.6649484536082
"X3.28.20",82294,75130,3301,119,381,3,0.582574014147559,0.531858770784093,0.0233683721863209,3863,0.915384615384615,0.0401122803606581,0.912946265827399,127,22.7597697667374
"X3.29.20",82432,75612,3306,138,482,5,0.583550940946018,0.535270935398999,0.0234037680848158,3514,1.15966386554622,0.0401057841614907,0.917265139751553,96.4,22.8711433756806
"X3.30.20",82516,75964,3313,84,352,7,0.584145592040732,0.537762806653039,0.0234533223427086,3239,0.608695652173913,0.0401497891318047,0.920597217509332,50.2857142857143,22.9290673105946
"X3.31.20",82613,76247,3314,97,283,1,0.584832272471533,0.539766214507849,0.0234604015224076,3052,1.1547619047619,0.0401147519155581,0.922941909868907,283,23.0075437537719
"X4.1.20",82704,76446,3321,91,199,7,0.58547647782414,0.541174971267946,0.0235099557803004,2937,0.938144329896907,0.040155252466628,0.924332559489263,28.4285714285714,23.0189701897019
"X4.2.20",82785,76612,3327,81,166,6,0.586049891379757,0.542350115097976,0.0235524308584943,2846,0.89010989010989,0.0401884399347708,0.925433351452558,27.6666666666667,23.0273519687406
"X4.3.20",82873,76812,3331,88,200,4,0.586672859193267,0.543765951037771,0.0235807475772902,2730,1.08641975308642,0.0401940318318391,0.92686399671787,50,23.0597418192735
"X4.4.20",82912,76998,3335,39,186,4,0.586948947201527,0.545082678461781,0.0236090642960861,2579,0.443181818181818,0.0402233693554612,0.928671362408337,46.5,23.087856071964
"X4.5.20",82979,77259,3338,67,261,3,0.587423252241358,0.546930344363214,0.023630301835183,2382,1.71794871794872,0.0402270453970282,0.931066896443679,87,23.1452965847813
"X4.6.20",83053,77369,3340,74,110,2,0.587947111539082,0.547709054130101,0.023644460194581,2344,1.1044776119403,0.040215284216103,0.931561773807087,55,23.164371257485
"X4.7.20",83109,77471,3340,56,102,0,0.588343545602225,0.548431130459397,0.023644460194581,2298,0.756756756756757,0.0401881865983227,0.932161378430736,102,23.1949101796407
"X4.8.20",83204,77632,3342,95,161,2,0.589016067673628,0.549570878390932,0.0236586185539789,2230,1.69642857142857,0.0401663381568194,0.933032065766069,80.5,23.2292040694195
"X4.9.20",83279,77750,3344,75,118,2,0.589547006151051,0.550406221595411,0.0236727769133769,2185,0.789473684210526,0.0401541805257028,0.933608712880798,59,23.2505980861244
"X4.10.20",83339,77886,3346,60,136,2,0.58997175693299,0.551368990034472,0.0236869352727749,2107,0.8,0.0401492698496502,0.934568449345444,68,23.2773460848775
"X4.11.20",83415,77980,3349,76,94,3,0.590509774590112,0.552034432926175,0.0237081728118718,2086,1.26666666666667,0.0401486543187676,0.934843853024036,31.3333333333333,23.2845625559869
"X4.12.20",83538,78069,3349,123,89,0,0.591380513693086,0.552664479919384,0.0237081728118718,2120,1.61842105263158,0.0400895400895401,0.934532787473964,89,23.3111376530308
"X4.13.20",83623,78152,3351,85,83,2,0.591982243967499,0.553252051834399,0.0237223311712697,2120,0.691056910569106,0.0400727072695311,0.93457541585449,41.5,23.3219934347956
"X4.14.20",83729,78329,3351,106,177,0,0.59273263701559,0.554505066641118,0.0237223311712697,2049,1.24705882352941,0.0400219756595684,0.935506216484133,177,23.3748134885109
"X4.15.20",83781,78440,3352,52,111,1,0.593100754359937,0.555290855587705,0.0237294103509687,1989,0.490566037735849,0.0400090712691422,0.936250462515367,111,23.4009546539379
"X4.16.20",83829,78561,3352,48,121,0,0.593440554985488,0.556147436331281,0.0237294103509687,1916,0.923076923076923,0.0399861623066003,0.937157785491894,121,23.4370525059666
"X4.17.20",84186,77723,4642,357,-838,1290,0.595967822138023,0.550215083743539,0.0328615521626482,1821,7.4375,0.055139809469508,0.923229515596417,-0.649612403100775,16.7434295562258
"X4.18.20",84216,77797,4642,30,74,0,0.596180197528992,0.550738943041263,0.0328615521626482,1777,0.0840336134453782,0.0551201671891327,0.923779329343593,74,16.7593709607928
"X4.19.20",84257,77886,4642,41,89,0,0.59647044389665,0.551368990034472,0.0328615521626482,1729,1.36666666666667,0.0550933453600294,0.924386104418624,89,16.7785437311504
"X4.20.20",84272,77955,4642,15,69,0,0.596576631592135,0.551857453433701,0.0328615521626482,1675,0.365853658536585,0.0550835390165179,0.92504034554775,69,16.7934080137872
"X4.21.20",84312,78024,4642,40,69,0,0.596859798780094,0.55234591683293,0.0328615521626482,1646,2.66666666666667,0.0550574058259797,0.925419869057785,69,16.808272296424
"X4.22.20",84329,78105,4642,17,81,0,0.596980144834976,0.552919330388548,0.0328615521626482,1582,0.425,0.0550463067272231,0.926193836046912,81,16.8257216716932
"X4.23.20",84347,78245,4642,18,140,0,0.597107570069558,0.553910415546404,0.0328615521626482,1460,1.05882352941176,0.055034559616821,0.927655992507143,140,16.8558810857389
