"","confirm","recover","death","confirm_daily","recover_daily","death_daily","confirm_RP","recover_RP","death_RP","Exists","ConfDR","DeathR","HealR","RiskD","RiskT"
"X1.22.20",0,0,0,0,0,0,0,0,0,0,0,0,0,0,0
"X1.23.20",0,0,0,0,0,0,0,0,0,0,0,0,0,0,0
"X1.24.20",0,0,0,0,0,0,0,0,0,0,0,0,0,0,0
"X1.25.20",0,0,0,0,0,0,0,0,0,0,0,0,0,0,0
"X1.26.20",0,0,0,0,0,0,0,0,0,0,0,0,0,0,0
"X1.27.20",1,0,0,1,0,0,0.000100640471937793,0,0,1,0,0,0,0,0
"X1.28.20",4,0,0,3,0,0,0.000402561887751173,0,0,4,3,0,0,0,0
"X1.29.20",4,0,0,0,0,0,0.000402561887751173,0,0,4,0,0,0,0,0
"X1.30.20",4,0,0,0,0,0,0.000402561887751173,0,0,4,0,0,0,0,0
"X1.31.20",5,0,0,1,0,0,0.000503202359688966,0,0,5,0,0,0,0,0
"X2.1.20",8,0,0,3,0,0,0.000805123775502346,0,0,8,3,0,0,0,0
"X2.2.20",10,0,0,2,0,0,0.00100640471937793,0,0,10,0.666666666666667,0,0,0,0
"X2.3.20",12,0,0,2,0,0,0.00120768566325352,0,0,12,1,0,0,0,0
"X2.4.20",12,0,0,0,0,0,0.00120768566325352,0,0,12,0,0,0,0,0
"X2.5.20",12,0,0,0,0,0,0.00120768566325352,0,0,12,0,0,0,0,0
"X2.6.20",12,0,0,0,0,0,0.00120768566325352,0,0,12,0,0,0,0,0
"X2.7.20",13,0,0,1,0,0,0.00130832613519131,0,0,13,0,0,0,0,0
"X2.8.20",13,0,0,0,0,0,0.00130832613519131,0,0,13,0,0,0,0,0
"X2.9.20",14,0,0,1,0,0,0.00140896660712911,0,0,14,0,0,0,0,0
"X2.10.20",14,0,0,0,0,0,0.00140896660712911,0,0,14,0,0,0,0,0
"X2.11.20",16,0,0,2,0,0,0.00161024755100469,0,0,16,0,0,0,0,0
"X2.12.20",16,0,0,0,0,0,0.00161024755100469,0,0,16,0,0,0,0,0
"X2.13.20",16,1,0,0,1,0,0.00161024755100469,0.000100640471937793,0,15,0,0,0.0625,1,1
"X2.14.20",16,1,0,0,0,0,0.00161024755100469,0.000100640471937793,0,15,0,0,0.0625,0,1
"X2.15.20",16,1,0,0,0,0,0.00161024755100469,0.000100640471937793,0,15,0,0,0.0625,0,1
"X2.16.20",16,1,0,0,0,0,0.00161024755100469,0.000100640471937793,0,15,0,0,0.0625,0,1
"X2.17.20",16,1,0,0,0,0,0.00161024755100469,0.000100640471937793,0,15,0,0,0.0625,0,1
"X2.18.20",16,12,0,0,11,0,0.00161024755100469,0.00120768566325352,0,4,0,0,0.75,11,12
"X2.19.20",16,12,0,0,0,0,0.00161024755100469,0.00120768566325352,0,4,0,0,0.75,0,12
"X2.20.20",16,12,0,0,0,0,0.00161024755100469,0.00120768566325352,0,4,0,0,0.75,0,12
"X2.21.20",16,14,0,0,2,0,0.00161024755100469,0.00140896660712911,0,2,0,0,0.875,2,14
"X2.22.20",16,14,0,0,0,0,0.00161024755100469,0.00140896660712911,0,2,0,0,0.875,0,14
"X2.23.20",16,14,0,0,0,0,0.00161024755100469,0.00140896660712911,0,2,0,0,0.875,0,14
"X2.24.20",16,14,0,0,0,0,0.00161024755100469,0.00140896660712911,0,2,0,0,0.875,0,14
"X2.25.20",20,14,0,4,0,0,0.00201280943875586,0.00140896660712911,0,6,0,0,0.7,0,14
"X2.26.20",30,15,0,10,1,0,0.0030192141581338,0.0015096070790669,0,15,2.5,0,0.5,1,15
"X2.27.20",57,16,0,27,1,0,0.00573650690045421,0.00161024755100469,0,41,2.7,0,0.280701754385965,1,16
"X2.28.20",59,16,0,2,0,0,0.0059377878443298,0.00161024755100469,0,43,0.0740740740740741,0,0.271186440677966,0,16
"X2.29.20",106,16,0,47,0,0,0.0106678900254061,0.00161024755100469,0,90,23.5,0,0.150943396226415,0,16
"X3.1.20",171,16,0,65,0,0,0.0172095207013626,0.00161024755100469,0,155,1.38297872340426,0,0.0935672514619883,0,16
"X3.2.20",219,16,0,48,0,0,0.0220402633543767,0.00161024755100469,0,203,0.738461538461539,0,0.0730593607305936,0,16
"X3.3.20",273,18,0,54,2,0,0.0274748488390176,0.00181152849488028,0,255,1.125,0,0.0659340659340659,2,18
"X3.4.20",382,19,0,109,1,0,0.038444660280237,0.00191216896681807,0,363,2.01851851851852,0,0.049738219895288,1,19
"X3.5.20",638,19,1,256,0,1,0.0642086210963121,0.00191216896681807,0.000100640471937793,618,2.34862385321101,0.00156739811912226,0.0297805642633229,0,19
"X3.6.20",940,20,1,302,1,0,0.0946020436215256,0.00201280943875586,0.000100640471937793,919,1.1796875,0.00106382978723404,0.0212765957446809,1,20
"X3.7.20",1147,21,1,207,1,0,0.115434621312649,0.00211344991069366,0.000100640471937793,1125,0.685430463576159,0.000871839581517001,0.018308631211857,1,21
"X3.8.20",1482,21,2,335,0,1,0.14914917941181,0.00211344991069366,0.000201280943875586,1459,1.61835748792271,0.00134952766531714,0.01417004048583,0,10.5
"X3.9.20",1682,23,4,200,2,2,0.169277273799368,0.00231473085456924,0.000402561887751173,1655,0.597014925373134,0.00237812128418549,0.0136741973840666,1,5.75
"X3.10.20",2131,25,5,449,2,1,0.214464845699437,0.00251601179844483,0.000503202359688966,2101,2.245,0.00234631628343501,0.011731581417175,2,5
"X3.11.20",2807,33,7,676,8,2,0.282497804729386,0.00332113557394718,0.000704483303564553,2767,1.50556792873051,0.00249376558603491,0.0117563234770217,4,4.71428571428571
"X3.12.20",3033,33,8,226,0,1,0.305242551387327,0.00332113557394718,0.000805123775502346,2992,0.334319526627219,0.00263765248928454,0.0108803165182987,0,4.125
"X3.13.20",5319,56,19,2286,23,11,0.535306670237122,0.00563586642851642,0.00191216896681807,5244,10.1150442477876,0.00357210001880053,0.0105282947922542,2.09090909090909,2.94736842105263
"X3.14.20",6603,56,23,1284,0,4,0.664529036205249,0.00563586642851642,0.00231473085456924,6524,0.561679790026247,0.00348326518249281,0.00848099348780857,0,2.43478260869565
"X3.15.20",8859,56,26,2256,0,3,0.89157394089691,0.00563586642851642,0.00261665227038262,8777,1.75700934579439,0.0029348684953155,0.00632125522067953,0,2.15384615384615
"X3.16.20",10494,77,34,1635,21,8,1.0561211125152,0.00774931633921008,0.00342177604588497,10383,0.724734042553192,0.00323994663617305,0.00733752620545073,2.625,2.26470588235294
"X3.17.20",13296,72,54,2802,-5,20,1.3381157148849,0.00724611397952111,0.00543458548464083,13170,1.71376146788991,0.00406137184115523,0.00541516245487365,-0.25,1.33333333333333
"X3.18.20",17029,129,60,3733,57,6,1.71380659662868,0.0129826208799753,0.00603842831626759,16840,1.33226266952177,0.00352340125667978,0.00757531270186153,9.5,2.15
"X3.19.20",21436,137,91,4407,8,31,2.15732915645854,0.0137877446554777,0.00915828294633918,21208,1.18055183498527,0.00424519499906699,0.00639111774584811,0.258064516129032,1.50549450549451
"X3.20.20",27558,204,127,6122,67,36,2.77345012566171,0.0205306562753098,0.0127813399360997,27227,1.38915361924211,0.00460846215255098,0.00740256912693229,1.86111111111111,1.60629921259843
"X3.21.20",31639,257,167,4081,53,40,3.18416389163984,0.0258646012880129,0.0168069588136115,31215,0.666612218229337,0.00527829577420272,0.00812288631119821,1.325,1.53892215568862
"X3.22.20",35966,406,208,4327,149,41,3.61963521371467,0.0408600316067441,0.020933218163061,35352,1.06027934329821,0.00578323972640827,0.0112884390813546,3.63414634146341,1.95192307692308
"X3.23.20",42376,406,264,6410,0,56,4.26474063883593,0.0408600316067441,0.0265690845915774,41706,1.48139588629535,0.00622994147630734,0.00958089484613932,0,1.53787878787879
"X3.24.20",48197,3383,307,5821,2977,43,4.85056882598582,0.340466716565554,0.0308966248849025,44507,0.90811232449298,0.00636969105960952,0.0701910907317883,69.2325581395349,11.0195439739414
"X3.25.20",53859,3687,389,5662,304,82,5.42039517809761,0.371061420034644,0.0391491435838016,49783,0.97268510565195,0.00722256261720418,0.0684565253718042,3.70731707317073,9.47814910025707
"X3.26.20",62714,5916,507,8855,2229,118,6.31156655710677,0.595389031983985,0.0510247192724612,56291,1.56393500529848,0.00808431929074848,0.0943330037950059,18.8898305084746,11.6686390532544
"X3.27.20",71512,8413,631,8798,2497,124,7.19700142921547,0.846688290412655,0.0635041377927475,62468,0.99356295878035,0.00882369392549502,0.117644591117575,20.1370967741935,13.3328050713154
"X3.28.20",80098,10236,765,8586,1823,134,8.06110052127336,1.03015587075525,0.0769899610324118,69097,0.975903614457831,0.00955080026966965,0.12779345302005,13.6044776119403,13.3803921568627
"X3.29.20",85768,11285,919,5670,1049,154,8.63173199716065,1.135727725818,0.092488593710832,73564,0.660377358490566,0.0107149519634362,0.131575879115754,6.81168831168831,12.2796517954298
"X3.30.20",92487,15959,1112,6719,4674,193,9.30793532811068,1.60612129165524,0.111912204794826,75416,1.18500881834215,0.0120233113843027,0.17255398055943,24.2176165803109,14.351618705036
"X3.31.20",98661,19018,1336,6174,3059,224,9.92928960185462,1.91398049531295,0.134455670508892,78307,0.91888673909808,0.0135413182513861,0.192761070737171,13.65625,14.2350299401198
"X4.1.20",106419,23103,1554,7758,4085,218,10.710058383148,2.32509682317884,0.156395293391331,81762,1.25655976676385,0.0146026555408339,0.217094691737378,18.7385321100917,14.8667953667954
"X4.2.20",114825,28202,1801,8406,5099,247,11.5560421902571,2.83826258958964,0.181253489959966,84822,1.08352668213457,0.0156847376442412,0.245608534726758,20.6437246963563,15.659078289839
"X4.3.20",122364,31443,2034,7539,3241,233,12.3147707081961,3.16443835914003,0.204702719921471,88887,0.896859386152748,0.0166225360400118,0.256962832205551,13.9098712446352,15.4587020648968
"X4.4.20",128455,35322,2297,6091,3879,263,12.9277718227692,3.55482274978673,0.231171164041111,90836,0.807932086483618,0.0178817484722276,0.274975672414464,14.7490494296578,15.3774488463213
"X4.5.20",133351,38113,2504,4896,2791,207,13.4205075733767,3.83571030696511,0.252003741732234,92734,0.803808898374651,0.0187775119796627,0.285809630223995,13.4830917874396,15.2208466453674
"X4.6.20",137405,40274,2796,4054,2161,292,13.8285040466125,4.05319436682268,0.28139075953807,94335,0.828022875816993,0.0203486044903752,0.293104326625669,7.40068493150685,14.4041487839771
"X4.7.20",142633,48886,3081,5228,8612,285,14.3546524339033,4.91991011115096,0.310073294040341,90666,1.2895905278737,0.021600891799233,0.342739758681371,30.2175438596491,15.8669263226225
"X4.8.20",149596,60667,3518,6963,11781,437,15.0554120400061,6.1055555110501,0.354053180277157,85411,1.33186687069625,0.0235166715687585,0.405538918152892,26.9588100686499,17.2447413303013
"X4.9.20",155554,68302,3851,5958,7635,333,15.6550279718115,6.87394551429515,0.387566457432442,83401,0.855665661352865,0.02475667613819,0.439088676601052,22.9279279279279,17.7361724227473
"X4.10.20",160356,71132,4089,4802,2830,238,16.1383035180568,7.15875804987911,0.411518889753637,85135,0.80597515944948,0.0254995135822794,0.443588016662925,11.890756302521,17.3959403277085
"X4.11.20",163900,76159,4110,3544,5027,21,16.4949733506043,7.66467770231039,0.41363233966433,83631,0.738025822573928,0.0250762660158633,0.464667480170836,239.380952380952,18.5301703163017
"X4.12.20",167293,80042,4479,3393,3883,369,16.8364464718892,8.05546465484485,0.450768673809376,82772,0.957392776523702,0.0267733856168519,0.478453969980812,10.5230352303523,17.8705068095557
"X4.13.20",169880,85398,4701,2587,5356,222,17.0968033727923,8.59449502254367,0.473110858579566,79781,0.762452107279693,0.0276724746880151,0.502696020720509,24.1261261261261,18.1659221442246
"X4.14.20",171600,89588,4853,1720,4190,152,17.2699049845253,9.01617859996302,0.488408210314111,77159,0.664862775415539,0.0282808857808858,0.522074592074592,27.5657894736842,18.4603338141356
"X4.15.20",175504,96153,5437,3904,6565,584,17.6628053869705,9.67688329823463,0.547182245925782,73914,2.26976744186046,0.0309793508979852,0.547867854863707,11.2414383561644,17.6849365458893
"X4.16.20",178985,101941,5744,3481,5788,307,18.0131348697859,10.2593903498106,0.578078870810684,71300,0.891649590163934,0.0320920747548677,0.569550520993379,18.8534201954397,17.7473885793872
"X4.17.20",183149,109273,6111,4164,7332,367,18.4322017949349,10.9972862900585,0.615013924011854,67765,1.19620798621086,0.03336627554614,0.596634434258445,19.9782016348774,17.8813614792996
"X4.18.20",185496,112769,6271,2347,3496,160,18.6684049825729,11.349125379953,0.631116399521901,66456,0.563640730067243,0.033806658903696,0.607932246517445,21.85,17.9826184021687
"X4.19.20",187754,116356,6432,2258,3587,161,18.8956511682084,11.7101227527939,0.647319515503886,64966,0.962079250106519,0.0342575923815205,0.619725811434111,22.2795031055901,18.0901741293532
"X4.20.20",189885,120786,6762,2131,4430,330,19.1101160139079,12.1559600434783,0.680530871243358,62337,0.943755535872454,0.0356110277273086,0.636100797851331,13.4242424242424,17.8624667258208
"X4.21.20",191308,125626,7003,1423,4840,241,19.2533274054753,12.6430599276572,0.704785224980366,58679,0.667761614265603,0.0366058920693332,0.65666882723148,20.0829875518672,17.9388833357133
"X4.22.20",193922,130683,7299,2614,5057,296,19.5164015991207,13.1519987942466,0.734574804673953,55940,1.83696416022488,0.0376388444838646,0.6738946586772,17.0844594594595,17.9042334566379
"X4.23.20",196708,135649,7647,2786,4966,348,19.7967859539394,13.6517793778897,0.769597688908305,53412,1.06579954093344,0.0388748805335828,0.689595745978811,14.2701149425287,17.7388518373218
