"","confirm","recover","death","confirm_daily","recover_daily","death_daily","confirm_RP","recover_RP","death_RP","Exists","ConfDR","DeathR","HealR","RiskD","RiskT"
"X1.22.20",0,0,0,0,0,0,0,0,0,0,0,0,0,0,0
"X1.23.20",0,0,0,0,0,0,0,0,0,0,0,0,0,0,0
"X1.24.20",0,0,0,0,0,0,0,0,0,0,0,0,0,0,0
"X1.25.20",0,0,0,0,0,0,0,0,0,0,0,0,0,0,0
"X1.26.20",0,0,0,0,0,0,0,0,0,0,0,0,0,0,0
"X1.27.20",0,0,0,0,0,0,0,0,0,0,0,0,0,0,0
"X1.28.20",0,0,0,0,0,0,0,0,0,0,0,0,0,0,0
"X1.29.20",0,0,0,0,0,0,0,0,0,0,0,0,0,0,0
"X1.30.20",0,0,0,0,0,0,0,0,0,0,0,0,0,0,0
"X1.31.20",2,0,0,2,0,0,0.000281915506483338,0,0,2,0,0,0,0,0
"X2.1.20",2,0,0,0,0,0,0.000281915506483338,0,0,2,0,0,0,0,0
"X2.2.20",2,0,0,0,0,0,0.000281915506483338,0,0,2,0,0,0,0,0
"X2.3.20",2,0,0,0,0,0,0.000281915506483338,0,0,2,0,0,0,0,0
"X2.4.20",2,0,0,0,0,0,0.000281915506483338,0,0,2,0,0,0,0,0
"X2.5.20",2,0,0,0,0,0,0.000281915506483338,0,0,2,0,0,0,0,0
"X2.6.20",2,0,0,0,0,0,0.000281915506483338,0,0,2,0,0,0,0,0
"X2.7.20",3,0,0,1,0,0,0.000422873259725007,0,0,3,0,0,0,0,0
"X2.8.20",3,0,0,0,0,0,0.000422873259725007,0,0,3,0,0,0,0,0
"X2.9.20",3,0,0,0,0,0,0.000422873259725007,0,0,3,0,0,0,0,0
"X2.10.20",8,0,0,5,0,0,0.00112766202593335,0,0,8,0,0,0,0,0
"X2.11.20",8,0,0,0,0,0,0.00112766202593335,0,0,8,0,0,0,0,0
"X2.12.20",9,1,0,1,1,0,0.00126861977917502,0.000140957753241669,0,8,0,0,0.111111111111111,1,1
"X2.13.20",9,1,0,0,0,0,0.00126861977917502,0.000140957753241669,0,8,0,0,0.111111111111111,0,1
"X2.14.20",9,1,0,0,0,0,0.00126861977917502,0.000140957753241669,0,8,0,0,0.111111111111111,0,1
"X2.15.20",9,1,0,0,0,0,0.00126861977917502,0.000140957753241669,0,8,0,0,0.111111111111111,0,1
"X2.16.20",9,8,0,0,7,0,0.00126861977917502,0.00112766202593335,0,1,0,0,0.888888888888889,7,8
"X2.17.20",9,8,0,0,0,0,0.00126861977917502,0.00112766202593335,0,1,0,0,0.888888888888889,0,8
"X2.18.20",9,8,0,0,0,0,0.00126861977917502,0.00112766202593335,0,1,0,0,0.888888888888889,0,8
"X2.19.20",9,8,0,0,0,0,0.00126861977917502,0.00112766202593335,0,1,0,0,0.888888888888889,0,8
"X2.20.20",9,8,0,0,0,0,0.00126861977917502,0.00112766202593335,0,1,0,0,0.888888888888889,0,8
"X2.21.20",9,8,0,0,0,0,0.00126861977917502,0.00112766202593335,0,1,0,0,0.888888888888889,0,8
"X2.22.20",9,8,0,0,0,0,0.00126861977917502,0.00112766202593335,0,1,0,0,0.888888888888889,0,8
"X2.23.20",9,8,0,0,0,0,0.00126861977917502,0.00112766202593335,0,1,0,0,0.888888888888889,0,8
"X2.24.20",13,8,0,4,0,0,0.0018324507921417,0.00112766202593335,0,5,0,0,0.615384615384615,0,8
"X2.25.20",13,8,0,0,0,0,0.0018324507921417,0.00112766202593335,0,5,0,0,0.615384615384615,0,8
"X2.26.20",13,8,0,0,0,0,0.0018324507921417,0.00112766202593335,0,5,0,0,0.615384615384615,0,8
"X2.27.20",15,8,0,2,0,0,0.00211436629862503,0.00112766202593335,0,7,0,0,0.533333333333333,0,8
"X2.28.20",20,8,0,5,0,0,0.00281915506483338,0.00112766202593335,0,12,2.5,0,0.4,0,8
"X2.29.20",24,8,0,4,0,0,0.00338298607780005,0.00112766202593335,0,16,0.8,0,0.333333333333333,0,8
"X3.1.20",37,8,0,13,0,0,0.00521543686994175,0.00112766202593335,0,29,3.25,0,0.216216216216216,0,8
"X3.2.20",41,8,0,4,0,0,0.00577926788290842,0.00112766202593335,0,33,0.307692307692308,0,0.195121951219512,0,8
"X3.3.20",53,8,0,12,0,0,0.00747076092180845,0.00112766202593335,0,45,3,0,0.150943396226415,0,8
"X3.4.20",92,8,0,39,0,0,0.0129681132982335,0.00112766202593335,0,84,3.25,0,0.0869565217391304,0,8
"X3.5.20",122,8,1,30,0,1,0.0171968458954836,0.00112766202593335,0.000140957753241669,113,0.769230769230769,0.00819672131147541,0.0655737704918033,0,8
"X3.6.20",182,8,2,60,0,1,0.0256543110899837,0.00112766202593335,0.000281915506483338,172,2,0.010989010989011,0.043956043956044,0,4
"X3.7.20",225,18,2,43,10,0,0.0317154944793755,0.00253723955835004,0.000281915506483338,205,0.716666666666667,0.00888888888888889,0.08,10,9
"X3.8.20",293,18,3,68,0,1,0.041300621699809,0.00253723955835004,0.000422873259725007,272,1.58139534883721,0.0102389078498294,0.0614334470989761,0,6
"X3.9.20",343,18,4,50,0,1,0.0483485093618924,0.00253723955835004,0.000563831012966675,321,0.735294117647059,0.0116618075801749,0.0524781341107872,0,4.5
"X3.10.20",418,19,6,75,1,2,0.0589203408550176,0.00267819731159171,0.000845746519450013,393,1.5,0.0143540669856459,0.0454545454545455,0.5,3.16666666666667
"X3.11.20",502,19,9,84,0,3,0.0707607921273178,0.00267819731159171,0.00126861977917502,474,1.12,0.0179282868525896,0.0378486055776892,0,2.11111111111111
"X3.12.20",502,19,9,0,0,0,0.0707607921273178,0.00267819731159171,0.00126861977917502,474,0,0.0179282868525896,0.0378486055776892,0,2.11111111111111
"X3.13.20",892,19,9,390,0,0,0.125734315891569,0.00267819731159171,0.00126861977917502,864,0,0.0100896860986547,0.0213004484304933,0,2.11111111111111
"X3.14.20",1273,19,23,381,0,14,0.179439219876644,0.00267819731159171,0.00324202832455838,1231,0.976923076923077,0.0180675569520817,0.0149253731343284,0,0.826086956521739
"X3.15.20",1274,19,23,1,0,0,0.179580177629886,0.00267819731159171,0.00324202832455838,1232,0.0026246719160105,0.0180533751962323,0.0149136577708006,0,0.826086956521739
"X3.16.20",1720,21,58,446,2,35,0.24244733557567,0.00296011281807505,0.0081755496880168,1641,446,0.0337209302325581,0.0122093023255814,0.0571428571428571,0.362068965517241
"X3.17.20",2183,58,58,463,37,0,0.307710775326563,0.0081755496880168,0.0081755496880168,2067,1.03811659192825,0.0265689418231791,0.0265689418231791,37,1
"X3.18.20",2934,72,74,751,14,16,0.413570048011057,0.0101489582334002,0.0104308737398835,2788,1.62203023758099,0.0252215405589639,0.0245398773006135,0.875,0.972972972972973
"X3.19.20",3273,72,141,339,0,67,0.461354726359982,0.0101489582334002,0.0198750432070753,3060,0.451398135818908,0.0430797433547204,0.0219981668194317,0,0.51063829787234
"X3.20.20",4697,72,181,1424,0,40,0.662078566976119,0.0101489582334002,0.0255133533367421,4444,4.20058997050147,0.0385352352565467,0.0153289333617202,0,0.397790055248619
"X3.21.20",5852,72,237,1155,0,56,0.824884771970246,0.0101489582334002,0.0334069875182755,5543,0.811095505617977,0.040498974709501,0.0123034859876965,0,0.30379746835443
"X3.22.20",6651,72,286,799,0,49,0.93751001681034,0.0101489582334002,0.0403139174271173,6293,0.691774891774892,0.0430010524733123,0.0108254397834912,0,0.251748251748252
"X3.23.20",7851,72,342,1200,0,56,1.10665932070034,0.0101489582334002,0.0482075516086508,7437,1.50187734668335,0.0435613297669087,0.00917080626671762,0,0.210526315789474
"X3.24.20",9493,145,430,1642,73,88,1.33811195152316,0.020438874220042,0.0606118338939176,8918,1.36833333333333,0.045296534288423,0.0152744127251659,0.829545454545455,0.337209302325581
"X3.25.20",11204,145,475,1711,0,45,1.57929066731966,0.020438874220042,0.0669549327897927,10584,1.04202192448234,0.0423955730096394,0.0129418064976794,0,0.305263157894737
"X3.26.20",13631,155,599,2427,10,124,1.92139513443719,0.0218484517524587,0.0844336941917597,12877,1.41846873173583,0.0439439512875064,0.0113711393147972,0.0806451612903226,0.258764607679466
"X3.27.20",16866,156,783,3235,1,184,2.37739346617399,0.0219894095057003,0.110369920788227,15927,1.33292130201895,0.0464247598719317,0.00924937744574884,0.00543478260869565,0.199233716475096
"X3.28.20",19727,156,1057,2861,0,274,2.7806735981984,0.0219894095057003,0.148992345176444,18514,0.884389489953632,0.0535813859177777,0.00790794342778932,0,0.147587511825922
"X3.29.20",22395,156,1277,2668,0,220,3.15674888384717,0.0219894095057003,0.180003050889611,20962,0.932541069556099,0.0570216566197812,0.00696584058941728,0,0.122161315583399
"X3.30.20",25363,176,1465,2968,20,188,3.57511149546845,0.0248085645705337,0.206503108499045,23722,1.11244377811094,0.0577613058392146,0.0069392422032094,0.106382978723404,0.120136518771331
"X3.31.20",28716,184,1864,3353,8,399,4.04774284208776,0.0259362265964671,0.262745252042471,26668,1.12971698113208,0.0649115475692993,0.0064075776570553,0.0200501253132832,0.0987124463519313
"X4.1.20",33312,184,2442,4596,0,578,4.69558467598647,0.0259362265964671,0.344218833416155,30686,1.37071279451238,0.073306916426513,0.00552353506243996,0,0.0753480753480753
"X4.2.20",38022,197,3024,4710,13,582,5.35949569375473,0.0277686773886088,0.426256245802807,34801,1.02480417754569,0.0795329020041029,0.00518121087791279,0.0223367697594502,0.0651455026455026
"X4.3.20",42962,213,3731,4940,16,707,6.05582699476858,0.0300240014404755,0.525913377344667,39018,1.04883227176221,0.0868441878869699,0.00495786974535636,0.0226308345120226,0.0570892522112034
"X4.4.20",47081,240,4457,4119,27,726,6.63643198037101,0.0338298607780005,0.628248706198118,42384,0.833805668016194,0.0946666383466791,0.00509759775705699,0.0371900826446281,0.0538478797397352
"X4.5.20",53430,254,5101,6349,14,644,7.53137275570237,0.0358032693233839,0.719025499285753,48075,1.54139354212187,0.0954707093393225,0.00475388358600037,0.0217391304347826,0.0497941580082337
"X4.6.20",57643,312,5559,4213,58,458,8.12522777010952,0.0439788190114007,0.783584150270437,51772,0.663569065994645,0.0964384227052721,0.00541262599101365,0.126637554585153,0.0561252023745278
"X4.7.20",61658,350,6381,4015,38,822,8.69117314937482,0.0493352136345841,0.899451423435089,54927,0.953002610966057,0.10349022024717,0.00567647345032275,0.0462287104622871,0.054850336937784
"X4.8.20",67548,370,7346,5890,20,965,9.52141431596825,0.0521543686994175,1.0354756553133,59832,1.46699875466999,0.108752294664535,0.00547758630899509,0.0207253886010363,0.0503675469643343
"X4.9.20",72446,384,8256,4898,14,910,10.2118253913459,0.0541277772448008,1.16374721076322,63806,0.831578947368421,0.113960743174226,0.00530049968252215,0.0153846153846154,0.0465116279069767
"X4.10.20",82694,613,9261,10248,229,1005,11.6563604465666,0.086407102737143,1.3054097527711,72820,2.09228256431196,0.111991196459235,0.00741287155053571,0.227860696517413,0.0661915559874744
"X4.11.20",88802,647,10212,6108,34,951,12.5173304033667,0.0911996663473598,1.43946057610392,77943,0.596018735362998,0.114997409968244,0.00728587193982118,0.035751840168244,0.0633568350959655
"X4.12.20",94861,651,10963,6059,4,751,13.371393430258,0.0917634973603264,1.54531984878842,83247,0.991977734119188,0.115569095834959,0.00686267275276457,0.00532623169107856,0.0593815561433914
"X4.13.20",100217,329,11712,5356,-322,749,14.1263631566203,0.0463751008165091,1.65089720596643,88176,0.883974253177092,0.116866399912191,0.00328287615873554,-0.429906542056075,0.0280908469945355
"X4.14.20",106324,348,12535,6107,19,823,14.9871921556672,0.0490532981281008,1.76690543688432,93441,1.14021657953697,0.117894360633535,0.00327301455927166,0.023086269744836,0.0277622656561627
"X4.15.20",112030,445,13338,5706,97,803,15.7914970956642,0.0627262001925427,1.88009451273738,98247,0.934337645325037,0.119057395340534,0.00397215031687941,0.12079701120797,0.033363322837007
"X4.16.20",117416,452,14245,5386,7,907,16.5506955546238,0.0637129044652343,2.00794319492757,102719,0.943918682089029,0.121320774000136,0.00384956053689446,0.00771775082690187,0.0317304317304317
"X4.17.20",123749,471,15137,6333,19,892,17.4433810059033,0.066391101776826,2.13367751081914,108141,1.17582621611586,0.122320180365094,0.00380609136235444,0.0213004484304933,0.0311158089449693
"X4.18.20",130072,491,16069,6323,20,932,18.3346568796504,0.0692102568416594,2.26505013684038,113512,0.998420969524712,0.123539270557845,0.00377483240051664,0.0214592274678112,0.0305557284211836
"X4.19.20",136423,513,16705,6351,22,636,19.2298795704882,0.0723113274129761,2.35469926790208,119205,1.00442827771627,0.122450026755019,0.00376036298864561,0.0345911949685535,0.0307093684525591
