"","confirm","recover","death","confirm_daily","recover_daily","death_daily","confirm_RP","recover_RP","death_RP","Exists","ConfDR","DeathR","HealR","RiskD","RiskT"
"X1.22.20",0,0,0,0,0,0,0,0,0,0,0,0,0,0,0
"X1.23.20",0,0,0,0,0,0,0,0,0,0,0,0,0,0,0
"X1.24.20",0,0,0,0,0,0,0,0,0,0,0,0,0,0,0
"X1.25.20",0,0,0,0,0,0,0,0,0,0,0,0,0,0,0
"X1.26.20",0,0,0,0,0,0,0,0,0,0,0,0,0,0,0
"X1.27.20",0,0,0,0,0,0,0,0,0,0,0,0,0,0,0
"X1.28.20",0,0,0,0,0,0,0,0,0,0,0,0,0,0,0
"X1.29.20",1,0,0,1,0,0,0.000373024494914576,0,0,1,0,0,0,0,0
"X1.30.20",1,0,0,0,0,0,0.000373024494914576,0,0,1,0,0,0,0,0
"X1.31.20",2,0,0,1,0,0,0.000746048989829151,0,0,2,0,0,0,0,0
"X2.1.20",2,0,0,0,0,0,0.000746048989829151,0,0,2,0,0,0,0,0
"X2.2.20",2,0,0,0,0,0,0.000746048989829151,0,0,2,0,0,0,0,0
"X2.3.20",2,0,0,0,0,0,0.000746048989829151,0,0,2,0,0,0,0,0
"X2.4.20",2,0,0,0,0,0,0.000746048989829151,0,0,2,0,0,0,0,0
"X2.5.20",2,0,0,0,0,0,0.000746048989829151,0,0,2,0,0,0,0,0
"X2.6.20",2,0,0,0,0,0,0.000746048989829151,0,0,2,0,0,0,0,0
"X2.7.20",2,0,0,0,0,0,0.000746048989829151,0,0,2,0,0,0,0,0
"X2.8.20",2,0,0,0,0,0,0.000746048989829151,0,0,2,0,0,0,0,0
"X2.9.20",2,0,0,0,0,0,0.000746048989829151,0,0,2,0,0,0,0,0
"X2.10.20",2,0,0,0,0,0,0.000746048989829151,0,0,2,0,0,0,0,0
"X2.11.20",2,0,0,0,0,0,0.000746048989829151,0,0,2,0,0,0,0,0
"X2.12.20",2,1,0,0,1,0,0.000746048989829151,0.000373024494914576,0,1,0,0,0.5,1,1
"X2.13.20",2,1,0,0,0,0,0.000746048989829151,0.000373024494914576,0,1,0,0,0.5,0,1
"X2.14.20",2,1,0,0,0,0,0.000746048989829151,0.000373024494914576,0,1,0,0,0.5,0,1
"X2.15.20",2,1,0,0,0,0,0.000746048989829151,0.000373024494914576,0,1,0,0,0.5,0,1
"X2.16.20",2,1,0,0,0,0,0.000746048989829151,0.000373024494914576,0,1,0,0,0.5,0,1
"X2.17.20",2,1,0,0,0,0,0.000746048989829151,0.000373024494914576,0,1,0,0,0.5,0,1
"X2.18.20",2,1,0,0,0,0,0.000746048989829151,0.000373024494914576,0,1,0,0,0.5,0,1
"X2.19.20",2,1,0,0,0,0,0.000746048989829151,0.000373024494914576,0,1,0,0,0.5,0,1
"X2.20.20",2,1,0,0,0,0,0.000746048989829151,0.000373024494914576,0,1,0,0,0.5,0,1
"X2.21.20",2,1,0,0,0,0,0.000746048989829151,0.000373024494914576,0,1,0,0,0.5,0,1
"X2.22.20",2,1,0,0,0,0,0.000746048989829151,0.000373024494914576,0,1,0,0,0.5,0,1
"X2.23.20",2,1,0,0,0,0,0.000746048989829151,0.000373024494914576,0,1,0,0,0.5,0,1
"X2.24.20",2,1,0,0,0,0,0.000746048989829151,0.000373024494914576,0,1,0,0,0.5,0,1
"X2.25.20",2,1,0,0,0,0,0.000746048989829151,0.000373024494914576,0,1,0,0,0.5,0,1
"X2.26.20",5,1,0,3,0,0,0.00186512247457288,0.000373024494914576,0,4,0,0,0.2,0,1
"X2.27.20",11,1,0,6,0,0,0.00410326944406033,0.000373024494914576,0,10,2,0,0.0909090909090909,0,1
"X2.28.20",17,1,0,6,0,0,0.00634141641354779,0.000373024494914576,0,16,1,0,0.0588235294117647,0,1
"X2.29.20",34,1,0,17,0,0,0.0126828328270956,0.000373024494914576,0,33,2.83333333333333,0,0.0294117647058824,0,1
"X3.1.20",46,1,0,12,0,0,0.0171591267660705,0.000373024494914576,0,45,0.705882352941177,0,0.0217391304347826,0,1
"X3.2.20",56,1,0,10,0,0,0.0208893717152162,0.000373024494914576,0,55,0.833333333333333,0,0.0178571428571429,0,1
"X3.3.20",76,1,0,20,0,0,0.0283498616135078,0.000373024494914576,0,75,2,0,0.0131578947368421,0,1
"X3.4.20",134,1,0,58,0,0,0.0499852823185531,0.000373024494914576,0,133,2.9,0,0.00746268656716418,0,1
"X3.5.20",238,1,0,104,0,0,0.088779829789669,0.000373024494914576,0,237,1.79310344827586,0,0.00420168067226891,0,1
"X3.6.20",291,2,0,53,1,0,0.108550128020142,0.000746048989829151,0,289,0.509615384615385,0,0.00687285223367698,1,2
"X3.7.20",397,2,0,106,0,0,0.148090724481087,0.000746048989829151,0,395,2,0,0.00503778337531486,0,2
"X3.8.20",489,2,0,92,0,0,0.182408978013228,0.000746048989829151,0,487,0.867924528301887,0,0.00408997955010225,0,2
"X3.9.20",633,4,0,144,2,0,0.236124505280926,0.0014920979796583,0,629,1.56521739130435,0,0.00631911532385466,2,4
"X3.10.20",1128,5,0,495,1,0,0.420771630263641,0.00186512247457288,0,1123,3.4375,0,0.00443262411347518,1,5
"X3.11.20",1686,5,1,558,0,1,0.628919298425975,0.00186512247457288,0.000373024494914576,1680,1.12727272727273,0.000593119810201661,0.0029655990510083,0,5
"X3.12.20",2080,5,1,394,0,0,0.775890949422318,0.00186512247457288,0.000373024494914576,2074,0.706093189964158,0.000480769230769231,0.00240384615384615,0,5
"X3.13.20",2903,5,1,823,0,0,1.08289010873701,0.00186512247457288,0.000373024494914576,2897,2.08883248730964,0.00034447123665174,0.0017223561832587,0,5
"X3.14.20",3268,5,6,365,0,5,1.21904404938083,0.00186512247457288,0.00223814696948745,3257,0.443499392466586,0.0018359853121175,0.00152998776009792,0,0.833333333333333
"X3.15.20",3533,21,13,265,16,7,1.3178955405332,0.00783351439320609,0.00484931843388948,3499,0.726027397260274,0.00367959241437872,0.00594395697707331,2.28571428571429,1.61538461538462
"X3.16.20",3826,13,12,293,-8,-1,1.42719171754317,0.00484931843388948,0.00447629393897491,3801,1.10566037735849,0.00313643491897543,0.00339780449555672,8,1.08333333333333
"X3.17.20",4219,13,15,393,0,3,1.5737903440446,0.00484931843388948,0.00559536742371864,4191,1.34129692832765,0.00355534486845224,0.00308129888599194,0,0.866666666666667
"X3.18.20",4531,18,21,312,5,6,1.69017398645794,0.00671444090846236,0.00783351439320609,4492,0.793893129770992,0.00463473846832929,0.00397263297285367,0.833333333333333,0.857142857142857
"X3.19.20",5140,33,25,609,15,4,1.91734590386092,0.012309808332181,0.00932561237286439,5082,1.95192307692308,0.00486381322957198,0.00642023346303502,3.75,1.32
"X3.20.20",5749,33,32,609,0,7,2.1445178212639,0.012309808332181,0.0119367838372664,5684,1,0.00556618542355192,0.00574012871803792,0,1.03125
"X3.21.20",6297,50,42,548,17,10,2.34893524447708,0.0186512247457288,0.0156670287864122,6205,0.899835796387521,0.00666984278227727,0.00794028902652056,1.7,1.19047619047619
"X3.22.20",7027,64,43,730,14,1,2.62124312576472,0.0238735676745328,0.0160400532813268,6920,1.33211678832117,0.00611925430482425,0.00910772733741284,14,1.48837209302326
"X3.23.20",7527,64,61,500,0,18,2.80775537322201,0.0238735676745328,0.0227544941897891,7402,0.684931506849315,0.00810415836322572,0.00850272352863026,0,1.04918032786885
"X3.24.20",8307,119,83,780,55,22,3.09871447925538,0.0443899148948345,0.0309610330779098,8105,1.56,0.00999157337185506,0.0143252678463946,2.5,1.43373493975904
"X3.25.20",9089,129,115,782,10,32,3.39041963427858,0.0481201598439803,0.0428978169151762,8845,1.0025641025641,0.0126526570579822,0.0141929805259104,0.3125,1.12173913043478
"X3.26.20",9992,164,139,903,35,24,3.72726075318644,0.0611760171659904,0.051850404793126,9689,1.15473145780051,0.0139111289031225,0.0164131305044035,1.45833333333333,1.17985611510791
"X3.27.20",10955,186,185,963,22,46,4.08648334178918,0.0693825560541111,0.0690095315591965,10584,1.06644518272425,0.016887266088544,0.0169785486079416,0.478260869565217,1.00540540540541
"X3.28.20",11958,204,204,1003,18,19,4.4606269101885,0.0760969969625735,0.0760969969625735,11550,1.04153686396677,0.017059708981435,0.017059708981435,0.947368421052632,1
"X3.29.20",12808,241,220,850,37,16,4.77769773086589,0.0898989032744127,0.0820653888812067,12347,0.847457627118644,0.0171767645221736,0.0188163647720175,2.3125,1.09545454545455
"X3.30.20",13666,268,270,858,27,50,5.09775274750259,0.0999705646371063,0.100716613626935,13128,1.00941176470588,0.0197570613200644,0.0196107127176935,0.54,0.992592592592593
"X3.31.20",14668,314,328,1002,46,58,5.471523291407,0.117129691403177,0.122352034331981,14026,1.16783216783217,0.0223616034905918,0.0214071448050177,0.793103448275862,0.957317073170732
"X4.1.20",15766,1322,406,1098,1008,78,5.8811041868232,0.493138382277069,0.151447944935318,14038,1.09580838323353,0.0257516174045414,0.0838513256374477,12.9230769230769,3.25615763546798
"X4.2.20",17125,1891,504,1359,569,98,6.38804447541211,0.705389319883463,0.188004345436946,14730,1.23770491803279,0.0294306569343066,0.110423357664234,5.80612244897959,3.75198412698413
"X4.3.20",18426,2133,580,1301,242,76,6.87334934329597,0.79566124765279,0.216354207050454,15713,0.957321559970567,0.031477260392923,0.115760338651905,3.18421052631579,3.67758620689655
"X4.4.20",19561,2312,625,1135,179,45,7.29673214502402,0.862432632242499,0.23314030932161,16624,0.872405841660261,0.0319513317315066,0.118194366341189,3.97777777777778,3.6992
"X4.5.20",20491,2394,683,930,82,58,7.64364492529457,0.893020640825494,0.254775730026655,17414,0.819383259911894,0.0333317066028988,0.116831779805768,1.41379310344828,3.50512445095168
"X4.6.20",21684,2486,773,1193,92,90,8.08866314772766,0.927338894357635,0.288347934568967,18425,1.28279569892473,0.0356484043534403,0.114646744143147,1.02222222222222,3.21604139715395
"X4.7.20",22939,2717,923,1255,231,150,8.55680888884545,1.0135075526829,0.344301608806153,19299,1.05196982397318,0.0402371507040412,0.118444570382318,1.54,2.94366197183099
"X4.8.20",24205,2933,1052,1266,216,129,9.02905789940731,1.09408084358445,0.392421768650134,20220,1.00876494023904,0.043462094608552,0.121173311299318,1.67441860465116,2.78802281368821
"X4.9.20",25435,3108,1186,1230,175,134,9.48787802815223,1.1593601301945,0.442407050968687,21141,0.971563981042654,0.0466286612934932,0.122193827403185,1.30597014925373,2.62057335581788
"X4.10.20",26457,3393,1285,1022,285,99,9.86910906195493,1.26567211124516,0.47933647596523,21779,0.830894308943089,0.0485693767244963,0.128245832860869,2.87878787878788,2.64046692607004
"X4.11.20",27345,3665,1323,888,272,38,10.2003548134391,1.36713477386192,0.493511406771984,22357,0.868884540117417,0.0483817882611081,0.134028158712745,7.15789473684211,2.77021919879063
"X4.12.20",28052,3893,1364,707,228,41,10.4640831313437,1.45218435870244,0.508805411063481,22795,0.796171171171171,0.0486239840296592,0.138777983744475,5.5609756097561,2.85410557184751
"X4.13.20",28839,4049,1405,787,156,41,10.7576534088414,1.51037617990912,0.524099415354979,23385,1.11315417256011,0.0487187489163979,0.140400152571171,3.80487804878049,2.88185053380783
"X4.14.20",29655,4391,1543,816,342,138,11.0620413966917,1.6379505571699,0.57557679565319,23721,1.03684879288437,0.0520316978587085,0.148069465520148,2.47826086956522,2.84575502268308
"X4.15.20",30507,4715,1742,852,324,199,11.379858266359,1.75881049352222,0.649808670141191,24050,1.04411764705882,0.0571016488019143,0.154554692365687,1.62814070351759,2.70665901262916
"X4.16.20",31618,6629,1889,1111,1914,147,11.7942884802091,2.47277937678872,0.704643270893633,23100,1.30399061032864,0.0597444493642862,0.209659054968689,13.0204081632653,3.50926416093171
"X4.17.20",32664,7077,1988,1046,448,99,12.1844721018897,2.63989435051045,0.741572695890177,23599,0.941494149414941,0.0608621111927504,0.216660543717855,4.52525252525253,3.55985915492958
"X4.18.20",33736,7604,2120,1072,527,132,12.5843543604381,2.83647825933043,0.790811929218901,24012,1.02485659655832,0.062840882143704,0.225397201802229,3.99242424242424,3.58679245283019
"X4.19.20",34597,7901,2163,861,297,43,12.9055284505596,2.94726653432006,0.806851982500227,24533,0.803171641791045,0.0625198716651733,0.228372402231407,6.90697674418605,3.65279704114656
"X4.20.20",35285,8443,2233,688,542,70,13.1621693030608,3.14944581056376,0.832963697144248,24609,0.799070847851336,0.0632846818761513,0.239280147371404,7.74285714285714,3.78101209135692
"X4.21.20",36196,8888,2468,911,445,235,13.501994617928,3.31544171080075,0.920624453449173,24840,1.32412790697674,0.0681843297601945,0.245551994695546,1.8936170212766,3.60129659643436
"X4.22.20",37364,9320,2667,1168,432,199,13.9376872279882,3.47658829260385,0.994856327937173,25377,1.2821075740944,0.0713788673589551,0.249437961674339,2.17085427135678,3.49456317960255
"X4.23.20",38500,9664,2791,1136,344,124,14.3614430542112,3.60490871885446,1.04111136530658,26045,0.972602739726027,0.0724935064935065,0.251012987012987,2.7741935483871,3.46255822285919
