"","confirm","recover","death","confirm_daily","recover_daily","death_daily","confirm_RP","recover_RP","death_RP","Exists","ConfDR","DeathR","HealR","RiskD","RiskT"
"X1.22.20",0,0,0,0,0,0,0,0,0,0,0,0,0,0,0
"X1.23.20",0,0,0,0,0,0,0,0,0,0,0,0,0,0,0
"X1.24.20",0,0,0,0,0,0,0,0,0,0,0,0,0,0,0
"X1.25.20",0,0,0,0,0,0,0,0,0,0,0,0,0,0,0
"X1.26.20",0,0,0,0,0,0,0,0,0,0,0,0,0,0,0
"X1.27.20",0,0,0,0,0,0,0,0,0,0,0,0,0,0,0
"X1.28.20",0,0,0,0,0,0,0,0,0,0,0,0,0,0,0
"X1.29.20",0,0,0,0,0,0,0,0,0,0,0,0,0,0,0
"X1.30.20",1,0,0,1,0,0,7.46725537392925e-06,0,0,1,0,0,0,0,0
"X1.31.20",1,0,0,0,0,0,7.46725537392925e-06,0,0,1,0,0,0,0,0
"X2.1.20",1,0,0,0,0,0,7.46725537392925e-06,0,0,1,0,0,0,0,0
"X2.2.20",2,0,0,1,0,0,1.49345107478585e-05,0,0,2,0,0,0,0,0
"X2.3.20",3,0,0,1,0,0,2.24017661217877e-05,0,0,3,1,0,0,0,0
"X2.4.20",3,0,0,0,0,0,2.24017661217877e-05,0,0,3,0,0,0,0,0
"X2.5.20",3,0,0,0,0,0,2.24017661217877e-05,0,0,3,0,0,0,0,0
"X2.6.20",3,0,0,0,0,0,2.24017661217877e-05,0,0,3,0,0,0,0,0
"X2.7.20",3,0,0,0,0,0,2.24017661217877e-05,0,0,3,0,0,0,0,0
"X2.8.20",3,0,0,0,0,0,2.24017661217877e-05,0,0,3,0,0,0,0,0
"X2.9.20",3,0,0,0,0,0,2.24017661217877e-05,0,0,3,0,0,0,0,0
"X2.10.20",3,0,0,0,0,0,2.24017661217877e-05,0,0,3,0,0,0,0,0
"X2.11.20",3,0,0,0,0,0,2.24017661217877e-05,0,0,3,0,0,0,0,0
"X2.12.20",3,0,0,0,0,0,2.24017661217877e-05,0,0,3,0,0,0,0,0
"X2.13.20",3,0,0,0,0,0,2.24017661217877e-05,0,0,3,0,0,0,0,0
"X2.14.20",3,0,0,0,0,0,2.24017661217877e-05,0,0,3,0,0,0,0,0
"X2.15.20",3,0,0,0,0,0,2.24017661217877e-05,0,0,3,0,0,0,0,0
"X2.16.20",3,3,0,0,3,0,2.24017661217877e-05,2.24017661217877e-05,0,0,0,0,1,3,3
"X2.17.20",3,3,0,0,0,0,2.24017661217877e-05,2.24017661217877e-05,0,0,0,0,1,0,3
"X2.18.20",3,3,0,0,0,0,2.24017661217877e-05,2.24017661217877e-05,0,0,0,0,1,0,3
"X2.19.20",3,3,0,0,0,0,2.24017661217877e-05,2.24017661217877e-05,0,0,0,0,1,0,3
"X2.20.20",3,3,0,0,0,0,2.24017661217877e-05,2.24017661217877e-05,0,0,0,0,1,0,3
"X2.21.20",3,3,0,0,0,0,2.24017661217877e-05,2.24017661217877e-05,0,0,0,0,1,0,3
"X2.22.20",3,3,0,0,0,0,2.24017661217877e-05,2.24017661217877e-05,0,0,0,0,1,0,3
"X2.23.20",3,3,0,0,0,0,2.24017661217877e-05,2.24017661217877e-05,0,0,0,0,1,0,3
"X2.24.20",3,3,0,0,0,0,2.24017661217877e-05,2.24017661217877e-05,0,0,0,0,1,0,3
"X2.25.20",3,3,0,0,0,0,2.24017661217877e-05,2.24017661217877e-05,0,0,0,0,1,0,3
"X2.26.20",3,3,0,0,0,0,2.24017661217877e-05,2.24017661217877e-05,0,0,0,0,1,0,3
"X2.27.20",3,3,0,0,0,0,2.24017661217877e-05,2.24017661217877e-05,0,0,0,0,1,0,3
"X2.28.20",3,3,0,0,0,0,2.24017661217877e-05,2.24017661217877e-05,0,0,0,0,1,0,3
"X2.29.20",3,3,0,0,0,0,2.24017661217877e-05,2.24017661217877e-05,0,0,0,0,1,0,3
"X3.1.20",3,3,0,0,0,0,2.24017661217877e-05,2.24017661217877e-05,0,0,0,0,1,0,3
"X3.2.20",5,3,0,2,0,0,3.73362768696462e-05,2.24017661217877e-05,0,2,0,0,0.6,0,3
"X3.3.20",5,3,0,0,0,0,3.73362768696462e-05,2.24017661217877e-05,0,2,0,0,0.6,0,3
"X3.4.20",28,3,0,23,0,0,0.000209083150470019,2.24017661217877e-05,0,25,0,0,0.107142857142857,0,3
"X3.5.20",30,3,0,2,0,0,0.000224017661217877,2.24017661217877e-05,0,27,0.0869565217391304,0,0.1,0,3
"X3.6.20",31,3,0,1,0,0,0.000231484916591807,2.24017661217877e-05,0,28,0.5,0,0.0967741935483871,0,3
"X3.7.20",34,3,0,3,0,0,0.000253886682713594,2.24017661217877e-05,0,31,3,0,0.0882352941176471,0,3
"X3.8.20",39,3,0,5,0,0,0.000291222959583241,2.24017661217877e-05,0,36,1.66666666666667,0,0.0769230769230769,0,3
"X3.9.20",43,3,0,4,0,0,0.000321091981078958,2.24017661217877e-05,0,40,0.8,0,0.0697674418604651,0,3
"X3.10.20",56,4,0,13,1,0,0.000418166300940038,2.9869021495717e-05,0,52,3.25,0,0.0714285714285714,1,4
"X3.11.20",62,4,1,6,0,1,0.000462969833183613,2.9869021495717e-05,7.46725537392925e-06,57,0.461538461538462,0.0161290322580645,0.0645161290322581,0,4
"X3.12.20",73,4,1,11,0,0,0.000545109642296835,2.9869021495717e-05,7.46725537392925e-06,68,1.83333333333333,0.0136986301369863,0.0547945205479452,0,4
"X3.13.20",82,4,2,9,0,1,0.000612314940662198,2.9869021495717e-05,1.49345107478585e-05,76,0.818181818181818,0.024390243902439,0.0487804878048781,0,2
"X3.14.20",102,4,2,20,0,0,0.000761660048140783,2.9869021495717e-05,1.49345107478585e-05,96,2.22222222222222,0.0196078431372549,0.0392156862745098,0,2
"X3.15.20",113,13,2,11,9,0,0.000843799857254005,9.70743198610802e-05,1.49345107478585e-05,98,0.55,0.0176991150442478,0.115044247787611,9,6.5
"X3.16.20",119,13,2,6,0,0,0.00088860338949758,9.70743198610802e-05,1.49345107478585e-05,104,0.545454545454545,0.0168067226890756,0.109243697478992,0,6.5
"X3.17.20",142,14,3,23,1,1,0.00106035026309795,0.000104541575235009,2.24017661217877e-05,125,3.83333333333333,0.0211267605633803,0.0985915492957746,1,4.66666666666667
"X3.18.20",156,14,3,14,0,0,0.00116489183833296,0.000104541575235009,2.24017661217877e-05,139,0.608695652173913,0.0192307692307692,0.0897435897435897,0,4.66666666666667
"X3.19.20",194,15,4,38,1,1,0.00144864754254227,0.000112008830608939,2.9869021495717e-05,175,2.71428571428571,0.0206185567010309,0.077319587628866,1,3.75
"X3.20.20",244,20,5,50,5,1,0.00182201031123874,0.000149345107478585,3.73362768696462e-05,219,1.31578947368421,0.0204918032786885,0.0819672131147541,5,4
"X3.21.20",330,23,4,86,3,-1,0.00246419427339665,0.000171746873600373,2.9869021495717e-05,303,1.72,0.0121212121212121,0.0696969696969697,-3,5.75
"X3.22.20",396,27,7,66,4,3,0.00295703312807598,0.00020161589509609,5.22707876175047e-05,362,0.767441860465116,0.0176767676767677,0.0681818181818182,1.33333333333333,3.85714285714286
"X3.23.20",499,27,10,103,0,3,0.00372616043159069,0.00020161589509609,7.46725537392925e-05,462,1.56060606060606,0.0200400801603206,0.0541082164328657,0,2.7
"X3.24.20",536,40,10,37,13,0,0.00400244888042608,0.00029869021495717,7.46725537392925e-05,486,0.359223300970874,0.0186567164179104,0.0746268656716418,13,4
"X3.25.20",657,43,12,121,3,2,0.00490598678067151,0.000321091981078958,8.9607064487151e-05,602,3.27027027027027,0.0182648401826484,0.0654490106544901,1.5,3.58333333333333
"X3.26.20",727,45,20,70,2,8,0.00542869465684656,0.000336026491826816,0.000149345107478585,662,0.578512396694215,0.0275103163686382,0.061898211829436,0.25,2.25
"X3.27.20",887,73,20,160,28,0,0.00662345551667524,0.000545109642296835,0.000149345107478585,794,2.28571428571429,0.0225479143179256,0.0822998872604284,28,3.65
"X3.28.20",987,84,24,100,11,4,0.00737018105406817,0.000627249451410057,0.000179214128974302,879,0.625,0.0243161094224924,0.0851063829787234,2.75,3.5
"X3.29.20",1024,95,27,37,11,3,0.00764646950290355,0.000709389260523278,0.00020161589509609,902,0.37,0.0263671875,0.0927734375,3.66666666666667,3.51851851851852
"X3.30.20",1251,102,32,227,7,5,0.00934153647278549,0.000761660048140783,0.000238952171965736,1117,6.13513513513514,0.0255795363709033,0.0815347721822542,1.4,3.1875
"X3.31.20",1397,123,35,146,21,3,0.0104317557573792,0.000918472410993297,0.000261353938087524,1239,0.643171806167401,0.0250536864710093,0.0880458124552613,7,3.51428571428571
"X4.1.20",1998,148,58,601,25,23,0.0149195762371106,0.00110515379534153,0.000433100811687896,1792,4.11643835616438,0.029029029029029,0.0740740740740741,1.08695652173913,2.55172413793103
"X4.2.20",2543,191,72,545,43,14,0.0189892304159021,0.00142624577642049,0.000537642386922906,2280,0.906821963394343,0.0283130161226897,0.0751081399921353,3.07142857142857,2.65277777777778
"X4.3.20",2567,192,72,24,1,0,0.0191684445448764,0.00143371303179442,0.000537642386922906,2303,0.0440366972477064,0.0280483054148812,0.0747954811063498,1,2.66666666666667
"X4.4.20",3082,229,86,515,37,14,0.0230140810624499,0.0017100014806298,0.000642183962157915,2767,21.4583333333333,0.0279039584685269,0.0743024010382868,2.64285714285714,2.66279069767442
"X4.5.20",3588,229,99,506,0,13,0.0267925122816581,0.0017100014806298,0.000739258282018995,3260,0.98252427184466,0.0275919732441472,0.0638238573021182,0,2.31313131313131
"X4.6.20",4778,375,136,1190,146,37,0.0356785461766339,0.00280022076522347,0.00101554673085438,4267,2.35177865612648,0.0284637923817497,0.0784847216408539,3.94594594594595,2.75735294117647
"X4.7.20",5311,421,150,533,46,14,0.0396585932909382,0.00314371451242421,0.00112008830608939,4740,0.447899159663866,0.0282432686876294,0.07926944078328,3.28571428571429,2.80666666666667
"X4.8.20",5916,506,178,605,85,28,0.0441762827921654,0.0037784312192082,0.00132917145655941,5232,1.13508442776735,0.0300878972278567,0.0855307640297498,3.03571428571429,2.84269662921348
"X4.9.20",6725,620,226,809,114,48,0.0502172923896742,0.00462969833183613,0.00168759971450801,5879,1.33719008264463,0.0336059479553903,0.0921933085501859,2.375,2.74336283185841
"X4.10.20",7598,774,246,873,154,20,0.0567362063311144,0.00577965565942124,0.00183694482198659,6578,1.07911001236094,0.0323769413003422,0.101868912871808,7.7,3.14634146341463
"X4.11.20",8446,969,288,848,195,42,0.0630684388882064,0.00723577045733744,0.00215056954769162,7189,0.971363115693013,0.0340989817665167,0.114728865735259,4.64285714285714,3.36458333333333
"X4.12.20",9205,1080,331,759,111,43,0.0687360857170187,0.00806463580384358,0.00247166152877058,7794,0.895047169811321,0.0359587180879957,0.117327539380771,2.58139534883721,3.26283987915408
"X4.13.20",10453,1181,358,1248,101,27,0.0780552204236824,0.00881882859661044,0.00267327742386667,8914,1.64426877470356,0.0342485410886827,0.112981919066297,3.74074074074074,3.29888268156425
"X4.14.20",11487,1359,393,1034,178,35,0.0857763624803252,0.0101480000531698,0.00293463136195419,9735,0.828525641025641,0.0342125881431183,0.118307652128493,5.08571428571429,3.45801526717557
"X4.15.20",12322,1432,405,835,73,12,0.0920115207175562,0.0106931096954667,0.00302423842644134,10485,0.807543520309478,0.0328680409024509,0.116214900178542,6.08333333333333,3.5358024691358
"X4.16.20",13430,1768,448,1108,336,43,0.10028523967187,0.0132021075011069,0.0033453304075203,11214,1.32694610778443,0.0333581533879375,0.131645569620253,7.81395348837209,3.94642857142857
"X4.17.20",14352,2041,486,922,273,38,0.107170049126633,0.0152406682181896,0.00362908611172961,11825,0.832129963898917,0.0338628762541806,0.142210144927536,7.18421052631579,4.19958847736626
"X4.18.20",15722,2463,521,1370,422,35,0.117400188988916,0.0183918499859877,0.00389044004981714,12738,1.48590021691974,0.0331382775728279,0.156659458084213,12.0571428571429,4.72744721689059
"X4.19.20",17615,2854,559,1893,391,38,0.131535703411764,0.0213115468371941,0.00417419575402645,14202,1.38175182481752,0.0317343173431734,0.162021004825433,10.2894736842105,5.10554561717352
"X4.20.20",18539,3273,592,924,419,33,0.138435447377274,0.0244403268388704,0.00442061518136611,14674,0.48811410459588,0.0319326824532068,0.176546739306327,12.6969696969697,5.52871621621622
"X4.21.20",20080,3975,645,1541,702,53,0.149942487908499,0.0296823401113687,0.00481637971618436,15460,1.66774891774892,0.0321215139442231,0.197958167330677,13.2452830188679,6.16279069767442
"X4.22.20",21370,4370,681,1290,395,36,0.159575247340868,0.0326319059840708,0.00508520090964582,16319,0.837118754055808,0.0318671034160037,0.204492278895648,10.9722222222222,6.41703377386197
"X4.23.20",23077,5012,721,1707,642,40,0.172321852264165,0.0374258839341334,0.00538389112460299,17344,1.32325581395349,0.031243229189236,0.217185942713524,16.05,6.95145631067961
